p_z	p_n	p_symbol	p_energy	d_z	d_n	d_symbol	bin_en	dn_de	unc_dn_de	dn_de_nu	unc_dn_de_nu	extraction_date
96	153	Cm	0	97	152	Bk	0	0.00220188	1.44026E-05	0	0	04/07/2024
96	153	Cm	0	97	152	Bk	0.8	0.00220328	1.44838E-05	1.12474E-08	9.77109E-11	04/07/2024
96	153	Cm	0	97	152	Bk	1.6	0.00220885	1.45546E-05	4.4841E-08	3.88565E-10	04/07/2024
96	153	Cm	0	97	152	Bk	2.4	0.00221861	1.46151E-05	1.00742E-07	8.72561E-10	04/07/2024
96	153	Cm	0	97	152	Bk	3.2	0.00222793	0.000014665	1.78908E-07	1.54969E-09	04/07/2024
96	153	Cm	0	97	152	Bk	4	0.00223551	1.47044E-05	2.79295E-07	2.41996E-09	04/07/2024
96	153	Cm	0	97	152	Bk	4.8	0.00224145	1.47333E-05	4.01737E-07	3.48097E-09	04/07/2024
96	153	Cm	0	97	152	Bk	5.6	0.00224582	1.47517E-05	5.46246E-07	4.73373E-09	04/07/2024
96	153	Cm	0	97	152	Bk	6.4	0.00224909	1.47627E-05	7.12728E-07	6.17724E-09	04/07/2024
96	153	Cm	0	97	152	Bk	7.2	0.00225169	1.47694E-05	9.01087E-07	7.81047E-09	04/07/2024
96	153	Cm	0	97	152	Bk	8	0.00225339	1.47697E-05	1.11132E-06	9.63409E-09	04/07/2024
96	153	Cm	0	97	152	Bk	8.8	0.00225495	1.47694E-05	1.34325E-06	1.16457E-08	04/07/2024
96	153	Cm	0	97	152	Bk	9.6	0.00225606	1.47661E-05	1.5969E-06	1.38463E-08	04/07/2024
96	153	Cm	0	97	152	Bk	10	0.00225646	1.47632E-05	1.73186E-06	1.50175E-08	04/07/2024
96	153	Cm	0	97	152	Bk	11	0.00225741	1.47561E-05	2.09275E-06	1.8149E-08	04/07/2024
96	153	Cm	0	97	152	Bk	12	0.00225799	1.47463E-05	2.48729E-06	2.15738E-08	04/07/2024
96	153	Cm	0	97	152	Bk	13	0.00225841	1.47354E-05	2.91522E-06	2.52886E-08	04/07/2024
96	153	Cm	0	97	152	Bk	14	0.00225861	1.47229E-05	3.37652E-06	2.92944E-08	04/07/2024
96	153	Cm	0	97	152	Bk	15	0.00225868	1.47096E-05	3.87094E-06	3.35881E-08	04/07/2024
96	153	Cm	0	97	152	Bk	16	0.0022586	1.46953E-05	4.39846E-06	3.81708E-08	04/07/2024
96	153	Cm	0	97	152	Bk	17	0.00225843	1.46803E-05	4.95884E-06	4.30392E-08	04/07/2024
96	153	Cm	0	97	152	Bk	18	0.00225816	1.46645E-05	5.55202E-06	4.81944E-08	04/07/2024
96	153	Cm	0	97	152	Bk	19	0.00225782	1.46482E-05	6.1778E-06	5.36332E-08	04/07/2024
96	153	Cm	0	97	152	Bk	20	0.0022574	1.46312E-05	6.83612E-06	5.93567E-08	04/07/2024
96	153	Cm	0	97	152	Bk	21	0.00225692	1.46138E-05	7.52675E-06	6.53617E-08	04/07/2024
96	153	Cm	0	97	152	Bk	22	0.00225637	0.000014596	8.24966E-06	7.16493E-08	04/07/2024
96	153	Cm	0	97	152	Bk	23	0.00225578	1.45777E-05	9.0046E-06	7.82162E-08	04/07/2024
96	153	Cm	0	97	152	Bk	24	0.00225513	0.000014559	9.79154E-06	8.50635E-08	04/07/2024
96	153	Cm	0	97	152	Bk	25	0.00225444	0.00001454	1.06103E-05	9.21881E-08	04/07/2024
96	153	Cm	0	97	152	Bk	26	0.0022537	1.45206E-05	1.14607E-05	9.9591E-08	04/07/2024
96	153	Cm	0	97	152	Bk	27	0.00225294	1.45009E-05	1.23427E-05	1.07269E-07	04/07/2024
96	153	Cm	0	97	152	Bk	28	0.00225214	1.44808E-05	1.32561E-05	1.15224E-07	04/07/2024
96	153	Cm	0	97	152	Bk	29	0.0022513	1.44605E-05	1.42007E-05	1.23451E-07	04/07/2024
96	153	Cm	0	97	152	Bk	30	0.00225042	1.44399E-05	1.51766E-05	1.31952E-07	04/07/2024
96	153	Cm	0	97	152	Bk	31	0.00224951	0.000014419	1.61833E-05	1.40724E-07	04/07/2024
96	153	Cm	0	97	152	Bk	32	0.00224857	1.43978E-05	1.72211E-05	1.49768E-07	04/07/2024
96	153	Cm	0	97	152	Bk	33	0.00224761	1.43764E-05	1.82895E-05	1.59081E-07	04/07/2024
96	153	Cm	0	97	152	Bk	34	0.00224662	1.43548E-05	1.93885E-05	1.68664E-07	04/07/2024
96	153	Cm	0	97	152	Bk	35	0.0022456	1.43329E-05	0.000020518	1.78514E-07	04/07/2024
96	153	Cm	0	97	152	Bk	36	0.00224456	1.43107E-05	2.16779E-05	1.88631E-07	04/07/2024
96	153	Cm	0	97	152	Bk	37	0.00224349	1.42882E-05	2.28679E-05	1.99013E-07	04/07/2024
96	153	Cm	0	97	152	Bk	38	0.00224239	1.42656E-05	2.40881E-05	2.0966E-07	04/07/2024
96	153	Cm	0	97	152	Bk	39	0.00224127	1.42427E-05	2.53381E-05	2.20569E-07	04/07/2024
96	153	Cm	0	97	152	Bk	40	0.00224013	1.42197E-05	2.66179E-05	2.31743E-07	04/07/2024
96	153	Cm	0	97	152	Bk	41	0.00223897	1.41964E-05	2.79274E-05	2.43177E-07	04/07/2024
96	153	Cm	0	97	152	Bk	42	0.00223779	1.41729E-05	2.92666E-05	2.54872E-07	04/07/2024
96	153	Cm	0	97	152	Bk	43	0.00223658	1.41491E-05	0.000030635	2.66826E-07	04/07/2024
96	153	Cm	0	97	152	Bk	44	0.00223535	1.41252E-05	3.20327E-05	2.79039E-07	04/07/2024
96	153	Cm	0	97	152	Bk	45	0.0022341	0.000014101	3.34595E-05	2.91508E-07	04/07/2024
96	153	Cm	0	97	152	Bk	46	0.00223283	1.40767E-05	3.49154E-05	3.04234E-07	04/07/2024
96	153	Cm	0	97	152	Bk	47	0.00223155	1.40521E-05	3.64001E-05	3.17214E-07	04/07/2024
96	153	Cm	0	97	152	Bk	48	0.00223024	1.40274E-05	3.79136E-05	3.30449E-07	04/07/2024
96	153	Cm	0	97	152	Bk	49	0.00222892	1.40024E-05	3.94556E-05	3.43936E-07	04/07/2024
96	153	Cm	0	97	152	Bk	50	0.00222757	1.39773E-05	4.10262E-05	3.57676E-07	04/07/2024
96	153	Cm	0	97	152	Bk	51	0.00222621	0.000013952	0.000042625	3.71667E-07	04/07/2024
96	153	Cm	0	97	152	Bk	52	0.00222482	1.39264E-05	4.42521E-05	3.85908E-07	04/07/2024
96	153	Cm	0	97	152	Bk	53	0.00222342	1.39007E-05	4.59072E-05	4.00397E-07	04/07/2024
96	153	Cm	0	97	152	Bk	54	0.002222	1.38748E-05	4.75903E-05	4.15135E-07	04/07/2024
96	153	Cm	0	97	152	Bk	55	0.00222057	1.38487E-05	4.93011E-05	4.30118E-07	04/07/2024
96	153	Cm	0	97	152	Bk	56	0.00221911	1.38223E-05	5.10396E-05	4.45349E-07	04/07/2024
96	153	Cm	0	97	152	Bk	57	0.00221765	1.37958E-05	5.28057E-05	4.60823E-07	04/07/2024
96	153	Cm	0	97	152	Bk	58	0.00221616	1.37692E-05	5.45993E-05	4.76542E-07	04/07/2024
96	153	Cm	0	97	152	Bk	59	0.00221466	1.37423E-05	0.00005642	4.92502E-07	04/07/2024
96	153	Cm	0	97	152	Bk	60	0.00221313	1.37153E-05	5.82679E-05	5.08704E-07	04/07/2024
96	153	Cm	0	97	152	Bk	61	0.00221159	1.36881E-05	6.01429E-05	5.25146E-07	04/07/2024
96	153	Cm	0	97	152	Bk	62	0.00221004	1.36606E-05	6.20447E-05	5.41829E-07	04/07/2024
96	153	Cm	0	97	152	Bk	63	0.00220847	0.000013633	6.39732E-05	5.58749E-07	04/07/2024
96	153	Cm	0	97	152	Bk	64	0.00220688	1.36053E-05	6.59284E-05	5.75908E-07	04/07/2024
96	153	Cm	0	97	152	Bk	65	0.00220528	1.35774E-05	6.79101E-05	5.93302E-07	04/07/2024
96	153	Cm	0	97	152	Bk	66	0.00220366	1.35493E-05	6.99182E-05	6.10932E-07	04/07/2024
96	153	Cm	0	97	152	Bk	67	0.00220203	0.000013521	7.19524E-05	6.28795E-07	04/07/2024
96	153	Cm	0	97	152	Bk	68	0.00220038	1.34925E-05	7.40128E-05	6.46893E-07	04/07/2024
96	153	Cm	0	97	152	Bk	69	0.00219871	1.34639E-05	0.000076099	6.65222E-07	04/07/2024
96	153	Cm	0	97	152	Bk	70	0.00219703	1.34351E-05	7.82112E-05	6.83783E-07	04/07/2024
96	153	Cm	0	97	152	Bk	71	0.00219534	1.34061E-05	0.000080349	7.02573E-07	04/07/2024
96	153	Cm	0	97	152	Bk	72	0.00219363	1.33769E-05	8.25125E-05	7.21594E-07	04/07/2024
96	153	Cm	0	97	152	Bk	73	0.0021919	1.33476E-05	8.47014E-05	7.40842E-07	04/07/2024
96	153	Cm	0	97	152	Bk	74	0.00219016	1.33181E-05	8.69155E-05	7.60317E-07	04/07/2024
96	153	Cm	0	97	152	Bk	75	0.00218841	1.32884E-05	8.91549E-05	7.80018E-07	04/07/2024
96	153	Cm	0	97	152	Bk	76	0.00218664	1.32586E-05	9.14193E-05	7.99945E-07	04/07/2024
96	153	Cm	0	97	152	Bk	77	0.00218486	1.32286E-05	9.37087E-05	8.20094E-07	04/07/2024
96	153	Cm	0	97	152	Bk	78	0.00218306	1.31985E-05	9.60228E-05	8.40468E-07	04/07/2024
96	153	Cm	0	97	152	Bk	79	0.00218125	1.31681E-05	9.83616E-05	8.61062E-07	04/07/2024
96	153	Cm	0	97	152	Bk	80	0.00217942	1.31376E-05	0.000100725	8.81878E-07	04/07/2024
96	153	Cm	0	97	152	Bk	81	0.00217759	1.31069E-05	0.000103113	9.02914E-07	04/07/2024
96	153	Cm	0	97	152	Bk	82	0.00217574	1.30761E-05	0.000105525	9.24169E-07	04/07/2024
96	153	Cm	0	97	152	Bk	83	0.00217387	1.30451E-05	0.000107961	9.45639E-07	04/07/2024
96	153	Cm	0	97	152	Bk	84	0.00217199	1.30139E-05	0.000110421	9.67327E-07	04/07/2024
96	153	Cm	0	97	152	Bk	85	0.0021701	1.29827E-05	0.000112905	9.89233E-07	04/07/2024
96	153	Cm	0	97	152	Bk	86	0.0021682	1.29512E-05	0.000115413	1.01136E-06	04/07/2024
96	153	Cm	0	97	152	Bk	87	0.00216628	1.29196E-05	0.000117944	1.03369E-06	04/07/2024
96	153	Cm	0	97	152	Bk	88	0.00216435	1.28877E-05	0.000120499	1.05624E-06	04/07/2024
96	153	Cm	0	97	152	Bk	89	0.00216241	1.28558E-05	0.000123078	1.07899E-06	04/07/2024
96	153	Cm	0	97	152	Bk	90	0.00216045	1.28238E-05	0.000125679	1.10196E-06	04/07/2024
96	153	Cm	0	97	152	Bk	91	0.00215849	1.27915E-05	0.000128304	1.12514E-06	04/07/2024
96	153	Cm	0	97	152	Bk	92	0.0021565	0.000012759	0.000130951	1.14853E-06	04/07/2024
96	153	Cm	0	97	152	Bk	93	0.00215451	1.27265E-05	0.000133622	1.17212E-06	04/07/2024
96	153	Cm	0	97	152	Bk	94	0.0021525	1.26937E-05	0.000136315	1.19592E-06	04/07/2024
96	153	Cm	0	97	152	Bk	95	0.00215048	1.26609E-05	0.000139031	1.21993E-06	04/07/2024
96	153	Cm	0	97	152	Bk	96	0.00214846	1.26278E-05	0.000141769	1.24413E-06	04/07/2024
96	153	Cm	0	97	152	Bk	97	0.00214642	1.25946E-05	0.00014453	1.26855E-06	04/07/2024
96	153	Cm	0	97	152	Bk	98	0.00214436	1.25613E-05	0.000147313	1.29317E-06	04/07/2024
96	153	Cm	0	97	152	Bk	99	0.0021423	1.25278E-05	0.000150118	1.31799E-06	04/07/2024
96	153	Cm	0	97	152	Bk	100	0.00214022	1.24942E-05	0.000152945	1.34301E-06	04/07/2024
96	153	Cm	0	97	152	Bk	102	0.00213603	1.24264E-05	0.000158664	1.39364E-06	04/07/2024
96	153	Cm	0	97	152	Bk	104	0.0021318	1.23581E-05	0.000164469	1.44506E-06	04/07/2024
96	153	Cm	0	97	152	Bk	106	0.00212753	1.22891E-05	0.00017036	1.49727E-06	04/07/2024
96	153	Cm	0	97	152	Bk	108	0.0021232	1.22197E-05	0.000176335	1.55025E-06	04/07/2024
96	153	Cm	0	97	152	Bk	110	0.00211885	1.21496E-05	0.000182393	1.60399E-06	04/07/2024
96	153	Cm	0	97	152	Bk	112	0.00211444	1.20789E-05	0.000188534	1.6585E-06	04/07/2024
96	153	Cm	0	97	152	Bk	114	0.00211	1.20076E-05	0.000194756	1.71375E-06	04/07/2024
96	153	Cm	0	97	152	Bk	116	0.00210551	1.19359E-05	0.000201058	1.76975E-06	04/07/2024
96	153	Cm	0	97	152	Bk	118	0.00210099	1.18635E-05	0.00020744	1.82647E-06	04/07/2024
96	153	Cm	0	97	152	Bk	120	0.00209643	1.17906E-05	0.0002139	1.88392E-06	04/07/2024
96	153	Cm	0	97	152	Bk	122	0.00209184	1.17172E-05	0.000220436	1.94209E-06	04/07/2024
96	153	Cm	0	97	152	Bk	124	0.0020872	1.16431E-05	0.000227049	2.00097E-06	04/07/2024
96	153	Cm	0	97	152	Bk	126	0.00208254	1.15686E-05	0.000233738	2.06055E-06	04/07/2024
96	153	Cm	0	97	152	Bk	128	0.00207783	1.14935E-05	0.000240499	2.12082E-06	04/07/2024
96	153	Cm	0	97	152	Bk	130	0.00207309	1.14178E-05	0.000247336	2.18178E-06	04/07/2024
96	153	Cm	0	97	152	Bk	132	0.00206832	1.13418E-05	0.000254244	2.24342E-06	04/07/2024
96	153	Cm	0	97	152	Bk	134	0.00206352	1.12651E-05	0.000261223	2.30573E-06	04/07/2024
96	153	Cm	0	97	152	Bk	136	0.00205868	0.000011188	0.000268272	2.36869E-06	04/07/2024
96	153	Cm	0	97	152	Bk	138	0.00205381	1.11103E-05	0.000275391	2.43231E-06	04/07/2024
96	153	Cm	0	97	152	Bk	140	0.00204891	1.10321E-05	0.000282578	2.49658E-06	04/07/2024
96	153	Cm	0	97	152	Bk	142	0.00204399	1.09534E-05	0.000289832	2.56148E-06	04/07/2024
96	153	Cm	0	97	152	Bk	144	0.00203904	1.08743E-05	0.000297152	2.62702E-06	04/07/2024
96	153	Cm	0	97	152	Bk	146	0.00203405	1.07946E-05	0.000304538	2.69317E-06	04/07/2024
96	153	Cm	0	97	152	Bk	148	0.00202905	1.07144E-05	0.000311988	2.75994E-06	04/07/2024
96	153	Cm	0	97	152	Bk	150	0.00202402	1.06338E-05	0.000319501	2.82732E-06	04/07/2024
96	153	Cm	0	97	152	Bk	152	0.00201896	1.05527E-05	0.000327077	2.89529E-06	04/07/2024
96	153	Cm	0	97	152	Bk	154	0.00201387	1.04711E-05	0.000334715	2.96385E-06	04/07/2024
96	153	Cm	0	97	152	Bk	156	0.00200877	1.03891E-05	0.000342412	0.000003033	04/07/2024
96	153	Cm	0	97	152	Bk	158	0.00200364	1.03066E-05	0.000350169	3.10273E-06	04/07/2024
96	153	Cm	0	97	152	Bk	160	0.00199849	1.02237E-05	0.000357984	3.17301E-06	04/07/2024
96	153	Cm	0	97	152	Bk	162	0.00199332	1.01402E-05	0.000365857	3.24386E-06	04/07/2024
96	153	Cm	0	97	152	Bk	164	0.00198812	1.00564E-05	0.000373786	3.31527E-06	04/07/2024
96	153	Cm	0	97	152	Bk	166	0.00198292	9.97213E-06	0.000381771	3.38722E-06	04/07/2024
96	153	Cm	0	97	152	Bk	168	0.00197769	9.88735E-06	0.00038981	3.4597E-06	04/07/2024
96	153	Cm	0	97	152	Bk	170	0.00197244	9.80229E-06	0.000397903	3.53271E-06	04/07/2024
96	153	Cm	0	97	152	Bk	172	0.00196719	9.71665E-06	0.000406048	3.60624E-06	04/07/2024
96	153	Cm	0	97	152	Bk	174	0.0019619	9.63072E-06	0.000414245	3.68028E-06	04/07/2024
96	153	Cm	0	97	152	Bk	176	0.00195661	9.54428E-06	0.000422492	3.75483E-06	04/07/2024
96	153	Cm	0	97	152	Bk	178	0.0019513	9.45747E-06	0.00043079	3.82987E-06	04/07/2024
96	153	Cm	0	97	152	Bk	180	0.00194599	9.37025E-06	0.000439134	3.9054E-06	04/07/2024
96	153	Cm	0	97	152	Bk	182	0.00194064	9.28263E-06	0.000447527	3.98143E-06	04/07/2024
96	153	Cm	0	97	152	Bk	184	0.0019353	9.19462E-06	0.000455968	4.05792E-06	04/07/2024
96	153	Cm	0	97	152	Bk	186	0.00192995	9.10623E-06	0.000464454	4.13487E-06	04/07/2024
96	153	Cm	0	97	152	Bk	188	0.00192458	9.01744E-06	0.000472984	4.2123E-06	04/07/2024
96	153	Cm	0	97	152	Bk	190	0.0019192	8.92828E-06	0.000481558	4.29016E-06	04/07/2024
96	153	Cm	0	97	152	Bk	192	0.00191382	8.83875E-06	0.000490174	4.36848E-06	04/07/2024
96	153	Cm	0	97	152	Bk	194	0.00190843	8.74885E-06	0.000498833	4.44723E-06	04/07/2024
96	153	Cm	0	97	152	Bk	196	0.00190302	8.65858E-06	0.000507532	4.52641E-06	04/07/2024
96	153	Cm	0	97	152	Bk	198	0.00189763	8.56796E-06	0.000516271	4.60601E-06	04/07/2024
96	153	Cm	0	97	152	Bk	200	0.00189221	8.47699E-06	0.000525049	4.68603E-06	04/07/2024
96	153	Cm	0	97	152	Bk	202	0.00188681	8.38567E-06	0.000533864	4.76644E-06	04/07/2024
96	153	Cm	0	97	152	Bk	204	0.00188138	0.000008294	0.000542716	4.84727E-06	04/07/2024
96	153	Cm	0	97	152	Bk	206	0.00187597	0.000008202	0.000551603	4.92847E-06	04/07/2024
96	153	Cm	0	97	152	Bk	208	0.00187055	8.10967E-06	0.000560525	5.01007E-06	04/07/2024
96	153	Cm	0	97	152	Bk	210	0.00186513	8.01701E-06	0.00056948	5.09203E-06	04/07/2024
96	153	Cm	0	97	152	Bk	212	0.00185971	7.92404E-06	0.000578466	5.17438E-06	04/07/2024
96	153	Cm	0	97	152	Bk	214	0.00185429	7.83074E-06	0.000587484	5.25707E-06	04/07/2024
96	153	Cm	0	97	152	Bk	216	0.00184887	7.73714E-06	0.000596529	5.34012E-06	04/07/2024
96	153	Cm	0	97	152	Bk	218	0.00184345	7.64323E-06	0.000605603	5.42353E-06	04/07/2024
96	153	Cm	0	97	152	Bk	220	0.00183803	7.54902E-06	0.000614705	5.50725E-06	04/07/2024
96	153	Cm	0	97	152	Bk	222	0.00183263	7.45452E-06	0.000623828	5.59133E-06	04/07/2024
96	153	Cm	0	97	152	Bk	224	0.00182723	7.35973E-06	0.000632975	5.67572E-06	04/07/2024
96	153	Cm	0	97	152	Bk	226	0.00182183	7.26465E-06	0.00064214	5.76042E-06	04/07/2024
96	153	Cm	0	97	152	Bk	228	0.00181645	7.1693E-06	0.000651317	5.84543E-06	04/07/2024
96	153	Cm	0	97	152	Bk	230	0.00181106	7.07368E-06	0.000660502	5.93074E-06	04/07/2024
96	153	Cm	0	97	152	Bk	232	0.00180569	6.97778E-06	0.00066968	6.01635E-06	04/07/2024
96	153	Cm	0	97	152	Bk	234	0.00180033	0.000006883	0.000678827	6.10225E-06	04/07/2024
96	153	Cm	0	97	152	Bk	236	0.00179498	6.78842E-06	0.000687886	6.1884E-06	04/07/2024
96	153	Cm	0	97	152	Bk	238	0.00178964	6.69359E-06	0.000696797	6.27483E-06	04/07/2024
96	153	Cm	0	97	152	Bk	240	0.00178431	6.59851E-06	0.000708199	6.36153E-06	04/07/2024
96	153	Cm	0	97	152	Bk	242	0.00177899	6.50319E-06	0.000676658	6.44843E-06	04/07/2024
96	153	Cm	0	97	152	Bk	244	0.00177368	6.40764E-06	0.00068551	6.53558E-06	04/07/2024
96	153	Cm	0	97	152	Bk	246	0.00176837	6.31186E-06	0.000694337	6.62299E-06	04/07/2024
96	153	Cm	0	97	152	Bk	248	0.00176306	6.21585E-06	0.000703113	6.71062E-06	04/07/2024
96	153	Cm	0	97	152	Bk	250	0.00175777	6.11962E-06	0.000711789	6.79845E-06	04/07/2024
96	153	Cm	0	97	152	Bk	252	0.00175247	6.02318E-06	0.000720252	6.88643E-06	04/07/2024
96	153	Cm	0	97	152	Bk	254	0.00174719	5.92653E-06	0.00072824	7.0338E-06	04/07/2024
96	153	Cm	0	97	152	Bk	256	0.00174192	5.82968E-06	0.000735427	7.06248E-06	04/07/2024
96	153	Cm	0	97	152	Bk	258	0.00173667	5.73263E-06	0.000775502	7.18724E-06	04/07/2024
96	153	Cm	0	97	152	Bk	260	0.00173139	5.63539E-06	0.000569023	7.23425E-06	04/07/2024
96	153	Cm	0	97	152	Bk	262	0.0017261	5.53796E-06	0.000576274	7.32336E-06	04/07/2024
96	153	Cm	0	97	152	Bk	264	0.00172077	5.44036E-06	0.000583546	7.41265E-06	04/07/2024
96	153	Cm	0	97	152	Bk	266	0.00171541	5.34257E-06	0.00059084	7.50211E-06	04/07/2024
96	153	Cm	0	97	152	Bk	268	0.00171003	5.24462E-06	0.000598154	7.59174E-06	04/07/2024
96	153	Cm	0	97	152	Bk	270	0.00170462	5.1465E-06	0.000605487	7.68153E-06	04/07/2024
96	153	Cm	0	97	152	Bk	272	0.00169919	5.04822E-06	0.000612839	7.77147E-06	04/07/2024
96	153	Cm	0	97	152	Bk	274	0.00169373	4.94979E-06	0.000620211	7.86154E-06	04/07/2024
96	153	Cm	0	97	152	Bk	276	0.00168824	4.85122E-06	0.0006276	7.95177E-06	04/07/2024
96	153	Cm	0	97	152	Bk	278	0.00168273	4.7525E-06	0.000635006	8.04211E-06	04/07/2024
96	153	Cm	0	97	152	Bk	280	0.00167719	4.65365E-06	0.00064243	8.13258E-06	04/07/2024
96	153	Cm	0	97	152	Bk	282	0.00167163	4.55467E-06	0.000649871	8.22317E-06	04/07/2024
96	153	Cm	0	97	152	Bk	284	0.00166604	4.45556E-06	0.000657329	8.31386E-06	04/07/2024
96	153	Cm	0	97	152	Bk	286	0.00166043	4.35633E-06	0.0006648	8.40466E-06	04/07/2024
96	153	Cm	0	97	152	Bk	288	0.00165479	4.25699E-06	0.000672287	8.49556E-06	04/07/2024
96	153	Cm	0	97	152	Bk	290	0.00164914	4.15754E-06	0.000679789	8.58654E-06	04/07/2024
96	153	Cm	0	97	152	Bk	292	0.00164346	4.05799E-06	0.000687305	8.6776E-06	04/07/2024
96	153	Cm	0	97	152	Bk	294	0.00163776	3.95834E-06	0.000694834	8.76874E-06	04/07/2024
96	153	Cm	0	97	152	Bk	296	0.00163204	3.85861E-06	0.000702375	8.85994E-06	04/07/2024
96	153	Cm	0	97	152	Bk	298	0.00162629	3.75879E-06	0.000709929	8.95121E-06	04/07/2024
96	153	Cm	0	97	152	Bk	300	0.00162053	3.65889E-06	0.000717494	9.04252E-06	04/07/2024
96	153	Cm	0	97	152	Bk	302	0.00161474	3.55893E-06	0.000725069	9.13389E-06	04/07/2024
96	153	Cm	0	97	152	Bk	304	0.00160893	3.45888E-06	0.000732655	9.22529E-06	04/07/2024
96	153	Cm	0	97	152	Bk	306	0.0016031	3.35878E-06	0.000740249	9.31673E-06	04/07/2024
96	153	Cm	0	97	152	Bk	308	0.00159726	3.25864E-06	0.000747851	9.4082E-06	04/07/2024
96	153	Cm	0	97	152	Bk	310	0.00159139	3.15843E-06	0.000755461	9.49968E-06	04/07/2024
96	153	Cm	0	97	152	Bk	312	0.00158551	3.05818E-06	0.000763074	9.59118E-06	04/07/2024
96	153	Cm	0	97	152	Bk	314	0.0015796	2.9579E-06	0.00077069	9.68266E-06	04/07/2024
96	153	Cm	0	97	152	Bk	316	0.00157368	2.85759E-06	0.000778307	9.77415E-06	04/07/2024
96	153	Cm	0	97	152	Bk	318	0.00156775	2.75725E-06	0.000785919	9.86564E-06	04/07/2024
96	153	Cm	0	97	152	Bk	320	0.00156179	2.65688E-06	0.000793521	9.95713E-06	04/07/2024
96	153	Cm	0	97	152	Bk	322	0.00155582	2.55651E-06	0.000801102	1.00486E-05	04/07/2024
96	153	Cm	0	97	152	Bk	324	0.00154983	2.45613E-06	0.000808641	0.00001014	04/07/2024
96	153	Cm	0	97	152	Bk	326	0.00154383	2.35575E-06	0.000816092	1.02314E-05	04/07/2024
96	153	Cm	0	97	152	Bk	328	0.00153781	2.25537E-06	0.000823349	1.03228E-05	04/07/2024
96	153	Cm	0	97	152	Bk	330	0.00153178	0.000002155	0.00083028	1.04141E-05	04/07/2024
96	153	Cm	0	97	152	Bk	332	0.00152574	2.05465E-06	0.000839747	1.05054E-05	04/07/2024
96	153	Cm	0	97	152	Bk	334	0.00151967	1.95432E-06	0.000771505	1.05964E-05	04/07/2024
96	153	Cm	0	97	152	Bk	336	0.00151357	1.85402E-06	0.000778695	1.06875E-05	04/07/2024
96	153	Cm	0	97	152	Bk	338	0.00150746	1.75375E-06	0.000785864	1.07785E-05	04/07/2024
96	153	Cm	0	97	152	Bk	340	0.00150132	1.65353E-06	0.000792979	1.08695E-05	04/07/2024
96	153	Cm	0	97	152	Bk	342	0.00149515	1.55335E-06	0.000800238	1.09603E-05	04/07/2024
96	153	Cm	0	97	152	Bk	344	0.00148897	1.45323E-06	0.000791679	1.10511E-05	04/07/2024
96	153	Cm	0	97	152	Bk	346	0.00148275	1.35316E-06	0.000798844	1.11419E-05	04/07/2024
96	153	Cm	0	97	152	Bk	348	0.00147651	1.25316E-06	0.000806015	1.12324E-05	04/07/2024
96	153	Cm	0	97	152	Bk	350	0.00147025	1.15323E-06	0.000813195	1.13229E-05	04/07/2024
96	153	Cm	0	97	152	Bk	352	0.00146396	1.05338E-06	0.000820379	1.14133E-05	04/07/2024
96	153	Cm	0	97	152	Bk	354	0.00145765	9.53614E-07	0.000827569	1.15035E-05	04/07/2024
96	153	Cm	0	97	152	Bk	356	0.00145131	8.53936E-07	0.000834765	1.15935E-05	04/07/2024
96	153	Cm	0	97	152	Bk	358	0.00144495	7.54356E-07	0.000841966	1.16835E-05	04/07/2024
96	153	Cm	0	97	152	Bk	360	0.00143857	6.54877E-07	0.000849172	1.17733E-05	04/07/2024
96	153	Cm	0	97	152	Bk	362	0.00143217	5.55508E-07	0.000856382	1.18629E-05	04/07/2024
96	153	Cm	0	97	152	Bk	364	0.00142574	4.56253E-07	0.000863597	1.19525E-05	04/07/2024
96	153	Cm	0	97	152	Bk	366	0.00141929	3.57121E-07	0.000870813	1.20418E-05	04/07/2024
96	153	Cm	0	97	152	Bk	368	0.00141282	2.58116E-07	0.000878035	1.21309E-05	04/07/2024
96	153	Cm	0	97	152	Bk	370	0.00140632	1.59248E-07	0.000885259	1.22199E-05	04/07/2024
96	153	Cm	0	97	152	Bk	372	0.0013998	6.05333E-08	0.000892485	1.23087E-05	04/07/2024
96	153	Cm	0	97	152	Bk	374	0.00139327	1.55649E-07	0.000899713	1.23973E-05	04/07/2024
96	153	Cm	0	97	152	Bk	376	0.00138671	2.55433E-07	0.000906944	1.24858E-05	04/07/2024
96	153	Cm	0	97	152	Bk	378	0.00138014	3.55048E-07	0.000914176	0.000012574	04/07/2024
96	153	Cm	0	97	152	Bk	380	0.00137353	4.54487E-07	0.000921409	1.26619E-05	04/07/2024
96	153	Cm	0	97	152	Bk	382	0.00136692	5.5374E-07	0.000928643	1.27498E-05	04/07/2024
96	153	Cm	0	97	152	Bk	384	0.00136028	6.52804E-07	0.000935877	1.28373E-05	04/07/2024
96	153	Cm	0	97	152	Bk	386	0.00135363	7.51669E-07	0.000943111	1.29246E-05	04/07/2024
96	153	Cm	0	97	152	Bk	388	0.00134695	8.50331E-07	0.000950344	1.30117E-05	04/07/2024
96	153	Cm	0	97	152	Bk	390	0.00134026	9.48782E-07	0.000957577	1.30986E-05	04/07/2024
96	153	Cm	0	97	152	Bk	392	0.00133355	1.04702E-06	0.00096481	1.31852E-05	04/07/2024
96	153	Cm	0	97	152	Bk	394	0.00132681	1.14502E-06	0.00097204	1.32716E-05	04/07/2024
96	153	Cm	0	97	152	Bk	396	0.00132006	1.24281E-06	0.000979269	1.33576E-05	04/07/2024
96	153	Cm	0	97	152	Bk	398	0.00131331	1.34034E-06	0.000986497	1.34436E-05	04/07/2024
96	153	Cm	0	97	152	Bk	400	0.00130652	1.43764E-06	0.000993721	1.35291E-05	04/07/2024
96	153	Cm	0	97	152	Bk	402	0.00129973	1.53469E-06	0.00100094	1.36144E-05	04/07/2024
96	153	Cm	0	97	152	Bk	404	0.00129291	1.63148E-06	0.00100816	1.36994E-05	04/07/2024
96	153	Cm	0	97	152	Bk	406	0.00128608	0.000001728	0.00101538	1.37842E-05	04/07/2024
96	153	Cm	0	97	152	Bk	408	0.00127923	1.82426E-06	0.00102259	1.38685E-05	04/07/2024
96	153	Cm	0	97	152	Bk	410	0.00127237	1.92024E-06	0.00102979	1.39526E-05	04/07/2024
96	153	Cm	0	97	152	Bk	412	0.0012655	2.01593E-06	0.001037	1.40365E-05	04/07/2024
96	153	Cm	0	97	152	Bk	414	0.00125861	2.11134E-06	0.00104419	1.41201E-05	04/07/2024
96	153	Cm	0	97	152	Bk	416	0.0012517	2.20644E-06	0.00105139	1.42032E-05	04/07/2024
96	153	Cm	0	97	152	Bk	418	0.00124478	2.30125E-06	0.00105857	1.42861E-05	04/07/2024
96	153	Cm	0	97	152	Bk	420	0.00123785	2.39573E-06	0.00106576	1.43686E-05	04/07/2024
96	153	Cm	0	97	152	Bk	422	0.0012309	2.4899E-06	0.00107293	1.44508E-05	04/07/2024
96	153	Cm	0	97	152	Bk	424	0.00122394	2.58375E-06	0.0010801	1.45327E-05	04/07/2024
96	153	Cm	0	97	152	Bk	426	0.00121697	2.67727E-06	0.00108726	1.46142E-05	04/07/2024
96	153	Cm	0	97	152	Bk	428	0.00120998	2.77044E-06	0.00109442	1.46954E-05	04/07/2024
96	153	Cm	0	97	152	Bk	430	0.00120299	2.86328E-06	0.00110156	1.47761E-05	04/07/2024
96	153	Cm	0	97	152	Bk	432	0.00119598	2.95576E-06	0.0011087	1.48566E-05	04/07/2024
96	153	Cm	0	97	152	Bk	434	0.00118896	3.04788E-06	0.00111583	1.49366E-05	04/07/2024
96	153	Cm	0	97	152	Bk	436	0.00118193	3.13964E-06	0.00112295	1.50163E-05	04/07/2024
96	153	Cm	0	97	152	Bk	438	0.00117489	3.23102E-06	0.00113007	1.50956E-05	04/07/2024
96	153	Cm	0	97	152	Bk	440	0.00116784	3.32203E-06	0.00113717	1.51745E-05	04/07/2024
96	153	Cm	0	97	152	Bk	442	0.00116077	3.41265E-06	0.00114426	1.52531E-05	04/07/2024
96	153	Cm	0	97	152	Bk	444	0.00115371	3.50288E-06	0.00115134	1.53312E-05	04/07/2024
96	153	Cm	0	97	152	Bk	446	0.00114662	3.5927E-06	0.00115842	0.000015409	04/07/2024
96	153	Cm	0	97	152	Bk	448	0.00113953	3.68212E-06	0.00116548	1.54862E-05	04/07/2024
96	153	Cm	0	97	152	Bk	450	0.00113244	3.77113E-06	0.00117254	1.55631E-05	04/07/2024
96	153	Cm	0	97	152	Bk	452	0.00112533	3.85971E-06	0.00117957	1.56396E-05	04/07/2024
96	153	Cm	0	97	152	Bk	454	0.00111821	3.94787E-06	0.0011866	1.57157E-05	04/07/2024
96	153	Cm	0	97	152	Bk	456	0.0011111	4.03559E-06	0.00119362	1.57912E-05	04/07/2024
96	153	Cm	0	97	152	Bk	458	0.00110397	4.12287E-06	0.00120062	1.58664E-05	04/07/2024
96	153	Cm	0	97	152	Bk	460	0.00109684	4.20971E-06	0.00120762	1.59412E-05	04/07/2024
96	153	Cm	0	97	152	Bk	462	0.00108969	4.29608E-06	0.00121459	1.60154E-05	04/07/2024
96	153	Cm	0	97	152	Bk	464	0.00108254	0.000004382	0.00122156	1.60892E-05	04/07/2024
96	153	Cm	0	97	152	Bk	466	0.00107539	4.46744E-06	0.00122851	1.61626E-05	04/07/2024
96	153	Cm	0	97	152	Bk	468	0.00106823	4.55241E-06	0.00123545	1.62355E-05	04/07/2024
96	153	Cm	0	97	152	Bk	470	0.00106106	4.63689E-06	0.00124237	1.63079E-05	04/07/2024
96	153	Cm	0	97	152	Bk	472	0.00105389	4.72088E-06	0.00124928	1.63799E-05	04/07/2024
96	153	Cm	0	97	152	Bk	474	0.00104672	4.80437E-06	0.00125618	1.64513E-05	04/07/2024
96	153	Cm	0	97	152	Bk	476	0.00103954	4.88736E-06	0.00126306	1.65223E-05	04/07/2024
96	153	Cm	0	97	152	Bk	478	0.00103236	4.96984E-06	0.00126991	1.65928E-05	04/07/2024
96	153	Cm	0	97	152	Bk	480	0.00102518	5.0518E-06	0.00127676	1.66628E-05	04/07/2024
96	153	Cm	0	97	152	Bk	482	0.00101799	5.13323E-06	0.0012836	1.67322E-05	04/07/2024
96	153	Cm	0	97	152	Bk	484	0.0010108	5.21412E-06	0.00129041	1.68013E-05	04/07/2024
96	153	Cm	0	97	152	Bk	486	0.0010036	5.29449E-06	0.0012972	1.68697E-05	04/07/2024
96	153	Cm	0	97	152	Bk	488	0.000996407	5.3743E-06	0.00130398	1.69377E-05	04/07/2024
96	153	Cm	0	97	152	Bk	490	0.000989211	5.45355E-06	0.00131075	1.70051E-05	04/07/2024
96	153	Cm	0	97	152	Bk	492	0.000982013	5.53225E-06	0.00131749	0.000017072	04/07/2024
96	153	Cm	0	97	152	Bk	494	0.000974815	5.61037E-06	0.00132421	1.71383E-05	04/07/2024
96	153	Cm	0	97	152	Bk	496	0.000967615	5.68792E-06	0.00133092	1.72041E-05	04/07/2024
96	153	Cm	0	97	152	Bk	498	0.000960416	5.76489E-06	0.0013376	1.72693E-05	04/07/2024
96	153	Cm	0	97	152	Bk	500	0.000953217	5.84125E-06	0.00134428	1.73341E-05	04/07/2024
96	153	Cm	0	97	152	Bk	502	0.000946018	5.91704E-06	0.00135092	1.73983E-05	04/07/2024
96	153	Cm	0	97	152	Bk	504	0.00093882	5.9922E-06	0.00135755	1.74618E-05	04/07/2024
96	153	Cm	0	97	152	Bk	506	0.000931623	6.06677E-06	0.00136415	1.75249E-05	04/07/2024
96	153	Cm	0	97	152	Bk	508	0.000924429	6.14071E-06	0.00137072	1.75873E-05	04/07/2024
96	153	Cm	0	97	152	Bk	510	0.000917236	6.21402E-06	0.00137727	1.76492E-05	04/07/2024
96	153	Cm	0	97	152	Bk	512	0.000910046	6.28669E-06	0.00138379	1.77106E-05	04/07/2024
96	153	Cm	0	97	152	Bk	514	0.000902859	6.35873E-06	0.00138988	1.77712E-05	04/07/2024
96	153	Cm	0	97	152	Bk	516	0.000895673	6.43013E-06	0.00139634	1.78314E-05	04/07/2024
96	153	Cm	0	97	152	Bk	518	0.000888493	6.50086E-06	0.00140273	1.78909E-05	04/07/2024
96	153	Cm	0	97	152	Bk	520	0.000881316	6.57093E-06	0.00140904	1.79499E-05	04/07/2024
96	153	Cm	0	97	152	Bk	522	0.000874142	6.64033E-06	0.00141549	1.80082E-05	04/07/2024
96	153	Cm	0	97	152	Bk	524	0.000866973	6.70905E-06	0.00140196	1.80659E-05	04/07/2024
96	153	Cm	0	97	152	Bk	526	0.000859808	6.77709E-06	0.00140831	0.000018123	04/07/2024
96	153	Cm	0	97	152	Bk	528	0.000852647	6.84444E-06	0.00141463	1.81795E-05	04/07/2024
96	153	Cm	0	97	152	Bk	530	0.000845489	6.91108E-06	0.00142094	1.82354E-05	04/07/2024
96	153	Cm	0	97	152	Bk	532	0.000838336	6.97701E-06	0.00142722	1.82906E-05	04/07/2024
96	153	Cm	0	97	152	Bk	534	0.000831187	7.04224E-06	0.00143348	1.83452E-05	04/07/2024
96	153	Cm	0	97	152	Bk	536	0.000824044	7.10674E-06	0.00143972	1.83992E-05	04/07/2024
96	153	Cm	0	97	152	Bk	538	0.000816906	7.17051E-06	0.00144593	1.84524E-05	04/07/2024
96	153	Cm	0	97	152	Bk	540	0.000809774	7.23355E-06	0.00145212	1.85052E-05	04/07/2024
96	153	Cm	0	97	152	Bk	542	0.000802649	7.29585E-06	0.00145828	1.85571E-05	04/07/2024
96	153	Cm	0	97	152	Bk	544	0.00079553	7.35738E-06	0.00146442	1.86084E-05	04/07/2024
96	153	Cm	0	97	152	Bk	546	0.000788417	7.41817E-06	0.00147053	1.86591E-05	04/07/2024
96	153	Cm	0	97	152	Bk	548	0.000781312	7.47818E-06	0.00147662	1.87092E-05	04/07/2024
96	153	Cm	0	97	152	Bk	550	0.000774215	7.53742E-06	0.00148269	1.87585E-05	04/07/2024
96	153	Cm	0	97	152	Bk	552	0.000767126	7.59588E-06	0.00148872	1.88073E-05	04/07/2024
96	153	Cm	0	97	152	Bk	554	0.000760045	7.65356E-06	0.00149474	1.88552E-05	04/07/2024
96	153	Cm	0	97	152	Bk	556	0.000752973	7.71044E-06	0.00150072	1.89025E-05	04/07/2024
96	153	Cm	0	97	152	Bk	558	0.00074591	7.76652E-06	0.00150668	1.89492E-05	04/07/2024
96	153	Cm	0	97	152	Bk	560	0.000738856	7.82177E-06	0.00151261	0.000018995	04/07/2024
96	153	Cm	0	97	152	Bk	562	0.000731813	7.87622E-06	0.00151852	1.90403E-05	04/07/2024
96	153	Cm	0	97	152	Bk	564	0.000724779	7.92984E-06	0.00152439	1.90848E-05	04/07/2024
96	153	Cm	0	97	152	Bk	566	0.000717756	7.98263E-06	0.00153024	1.91287E-05	04/07/2024
96	153	Cm	0	97	152	Bk	568	0.000710744	8.03458E-06	0.00153606	1.91718E-05	04/07/2024
96	153	Cm	0	97	152	Bk	570	0.000703744	8.08568E-06	0.00154186	1.92141E-05	04/07/2024
96	153	Cm	0	97	152	Bk	572	0.000696755	8.13591E-06	0.00154762	1.92558E-05	04/07/2024
96	153	Cm	0	97	152	Bk	574	0.000689778	8.1853E-06	0.00155336	1.92968E-05	04/07/2024
96	153	Cm	0	97	152	Bk	576	0.000682813	8.2338E-06	0.00155906	0.000019337	04/07/2024
96	153	Cm	0	97	152	Bk	578	0.000675862	8.28143E-06	0.00156474	1.93764E-05	04/07/2024
96	153	Cm	0	97	152	Bk	580	0.000668923	8.32817E-06	0.00157039	1.94151E-05	04/07/2024
96	153	Cm	0	97	152	Bk	582	0.000661998	8.37402E-06	0.001576	1.94532E-05	04/07/2024
96	153	Cm	0	97	152	Bk	584	0.000655087	8.41897E-06	0.00158159	1.94904E-05	04/07/2024
96	153	Cm	0	97	152	Bk	586	0.000648191	8.46301E-06	0.00158715	1.95269E-05	04/07/2024
96	153	Cm	0	97	152	Bk	588	0.000641309	8.50614E-06	0.00159267	1.95627E-05	04/07/2024
96	153	Cm	0	97	152	Bk	590	0.000634442	8.54834E-06	0.00159817	1.95976E-05	04/07/2024
96	153	Cm	0	97	152	Bk	592	0.00062759	8.58961E-06	0.00160363	1.96319E-05	04/07/2024
96	153	Cm	0	97	152	Bk	594	0.000620754	8.62994E-06	0.00160906	1.96653E-05	04/07/2024
96	153	Cm	0	97	152	Bk	596	0.000613935	8.66932E-06	0.00161447	0.000019698	04/07/2024
96	153	Cm	0	97	152	Bk	598	0.000607132	8.70776E-06	0.00161983	1.97299E-05	04/07/2024
96	153	Cm	0	97	152	Bk	600	0.000600346	8.74522E-06	0.00162517	0.000019761	04/07/2024
96	153	Cm	0	97	152	Bk	602	0.000593577	8.78172E-06	0.00163047	1.97914E-05	04/07/2024
96	153	Cm	0	97	152	Bk	604	0.000586826	8.81724E-06	0.00163574	1.98209E-05	04/07/2024
96	153	Cm	0	97	152	Bk	606	0.000580092	8.85178E-06	0.00164098	1.98497E-05	04/07/2024
96	153	Cm	0	97	152	Bk	608	0.000573378	8.88532E-06	0.00164619	1.98777E-05	04/07/2024
96	153	Cm	0	97	152	Bk	610	0.000566682	8.91786E-06	0.00165136	1.99048E-05	04/07/2024
96	153	Cm	0	97	152	Bk	612	0.000560005	8.9494E-06	0.00165649	1.99311E-05	04/07/2024
96	153	Cm	0	97	152	Bk	614	0.000553348	8.97993E-06	0.0016616	1.99568E-05	04/07/2024
96	153	Cm	0	97	152	Bk	616	0.000546711	9.00942E-06	0.00166666	1.99814E-05	04/07/2024
96	153	Cm	0	97	152	Bk	618	0.000540094	9.03789E-06	0.0016717	2.00053E-05	04/07/2024
96	153	Cm	0	97	152	Bk	620	0.000533498	9.06532E-06	0.0016767	2.00285E-05	04/07/2024
96	153	Cm	0	97	152	Bk	622	0.000526924	9.0917E-06	0.00168166	2.00508E-05	04/07/2024
96	153	Cm	0	97	152	Bk	624	0.00052037	9.11703E-06	0.00168659	2.00723E-05	04/07/2024
96	153	Cm	0	97	152	Bk	626	0.000513839	9.14129E-06	0.00169148	2.00928E-05	04/07/2024
96	153	Cm	0	97	152	Bk	628	0.000507329	9.1645E-06	0.00169634	2.01126E-05	04/07/2024
96	153	Cm	0	97	152	Bk	630	0.000500843	9.18661E-06	0.00170116	2.01316E-05	04/07/2024
96	153	Cm	0	97	152	Bk	632	0.000494379	9.20765E-06	0.00170594	2.01496E-05	04/07/2024
96	153	Cm	0	97	152	Bk	634	0.000487939	9.2276E-06	0.00171069	2.01669E-05	04/07/2024
96	153	Cm	0	97	152	Bk	636	0.000481523	9.24644E-06	0.0017154	2.01832E-05	04/07/2024
96	153	Cm	0	97	152	Bk	638	0.00047513	9.26417E-06	0.00172007	2.01988E-05	04/07/2024
96	153	Cm	0	97	152	Bk	640	0.000468763	9.28079E-06	0.00172471	2.02135E-05	04/07/2024
96	153	Cm	0	97	152	Bk	642	0.00046242	9.29629E-06	0.00172931	2.02273E-05	04/07/2024
96	153	Cm	0	97	152	Bk	644	0.000456103	9.31066E-06	0.00173387	2.02403E-05	04/07/2024
96	153	Cm	0	97	152	Bk	646	0.000449811	9.32388E-06	0.00173839	2.02524E-05	04/07/2024
96	153	Cm	0	97	152	Bk	648	0.000443546	9.33596E-06	0.00174287	2.02636E-05	04/07/2024
96	153	Cm	0	97	152	Bk	650	0.000437307	9.34689E-06	0.00174732	2.02739E-05	04/07/2024
96	153	Cm	0	97	152	Bk	652	0.000431095	9.35664E-06	0.00175172	2.02833E-05	04/07/2024
96	153	Cm	0	97	152	Bk	654	0.000424911	9.36523E-06	0.00175609	2.02919E-05	04/07/2024
96	153	Cm	0	97	152	Bk	656	0.000418754	9.37265E-06	0.00176042	2.02995E-05	04/07/2024
96	153	Cm	0	97	152	Bk	658	0.000412625	9.37887E-06	0.00176471	2.03063E-05	04/07/2024
96	153	Cm	0	97	152	Bk	660	0.000406525	9.3839E-06	0.00176896	2.03122E-05	04/07/2024
96	153	Cm	0	97	152	Bk	662	0.000400453	9.38774E-06	0.00177317	2.03172E-05	04/07/2024
96	153	Cm	0	97	152	Bk	664	0.000394411	9.39036E-06	0.00177733	2.03212E-05	04/07/2024
96	153	Cm	0	97	152	Bk	666	0.000388398	9.39177E-06	0.00178146	2.03244E-05	04/07/2024
96	153	Cm	0	97	152	Bk	668	0.000382416	9.39195E-06	0.00178555	2.03266E-05	04/07/2024
96	153	Cm	0	97	152	Bk	670	0.000376464	9.39089E-06	0.0017896	2.03279E-05	04/07/2024
96	153	Cm	0	97	152	Bk	672	0.000370543	9.3886E-06	0.0017936	2.03283E-05	04/07/2024
96	153	Cm	0	97	152	Bk	674	0.000364653	9.38506E-06	0.00179756	2.03278E-05	04/07/2024
96	153	Cm	0	97	152	Bk	676	0.000358794	9.38026E-06	0.00180149	2.03264E-05	04/07/2024
96	153	Cm	0	97	152	Bk	678	0.000352968	9.37419E-06	0.00180537	0.000020324	04/07/2024
96	153	Cm	0	97	152	Bk	680	0.000347174	9.36685E-06	0.0018092	2.03206E-05	04/07/2024
96	153	Cm	0	97	152	Bk	682	0.000341413	9.35824E-06	0.001813	2.03164E-05	04/07/2024
96	153	Cm	0	97	152	Bk	684	0.000335685	9.34834E-06	0.00181675	2.03111E-05	04/07/2024
96	153	Cm	0	97	152	Bk	686	0.000329991	9.33713E-06	0.00182046	0.000020305	04/07/2024
96	153	Cm	0	97	152	Bk	688	0.000324331	9.32463E-06	0.00182413	2.02979E-05	04/07/2024
96	153	Cm	0	97	152	Bk	690	0.000318705	9.31082E-06	0.00182776	2.02898E-05	04/07/2024
96	153	Cm	0	97	152	Bk	692	0.000313114	9.29568E-06	0.00183134	2.02808E-05	04/07/2024
96	153	Cm	0	97	152	Bk	694	0.000307559	9.27922E-06	0.00183487	2.02708E-05	04/07/2024
96	153	Cm	0	97	152	Bk	696	0.000302039	9.26142E-06	0.00183837	2.02597E-05	04/07/2024
96	153	Cm	0	97	152	Bk	698	0.000296554	9.24228E-06	0.00184182	2.02478E-05	04/07/2024
96	153	Cm	0	97	152	Bk	700	0.000291107	9.22178E-06	0.00184522	2.02349E-05	04/07/2024
96	153	Cm	0	97	152	Bk	702	0.000285696	9.19993E-06	0.00184858	0.000020221	04/07/2024
96	153	Cm	0	97	152	Bk	704	0.000280322	9.17671E-06	0.0018519	2.02061E-05	04/07/2024
96	153	Cm	0	97	152	Bk	706	0.000274987	9.15211E-06	0.00185517	2.01902E-05	04/07/2024
96	153	Cm	0	97	152	Bk	708	0.000269689	9.12613E-06	0.00185839	2.01733E-05	04/07/2024
96	153	Cm	0	97	152	Bk	710	0.000264429	9.09876E-06	0.00186157	2.01554E-05	04/07/2024
96	153	Cm	0	97	152	Bk	712	0.000259208	9.06999E-06	0.0018647	2.01365E-05	04/07/2024
96	153	Cm	0	97	152	Bk	714	0.000254027	9.03981E-06	0.00186779	2.01166E-05	04/07/2024
96	153	Cm	0	97	152	Bk	716	0.000248885	9.00823E-06	0.00187083	2.00957E-05	04/07/2024
96	153	Cm	0	97	152	Bk	718	0.000243784	8.97521E-06	0.00187383	2.00738E-05	04/07/2024
96	153	Cm	0	97	152	Bk	720	0.000238722	8.94077E-06	0.00187678	2.00508E-05	04/07/2024
96	153	Cm	0	97	152	Bk	722	0.000233702	8.90488E-06	0.00187968	2.00268E-05	04/07/2024
96	153	Cm	0	97	152	Bk	724	0.000228723	8.86755E-06	0.00188254	2.00017E-05	04/07/2024
96	153	Cm	0	97	152	Bk	726	0.000223785	8.82876E-06	0.00188534	1.99757E-05	04/07/2024
96	153	Cm	0	97	152	Bk	728	0.00021889	8.78852E-06	0.00188811	1.99485E-05	04/07/2024
96	153	Cm	0	97	152	Bk	730	0.000214037	8.74743E-06	0.00189082	1.99203E-05	04/07/2024
96	153	Cm	0	97	152	Bk	732	0.000209227	8.70792E-06	0.00189348	1.98911E-05	04/07/2024
96	153	Cm	0	97	152	Bk	734	0.00020446	8.66697E-06	0.0018961	1.98608E-05	04/07/2024
96	153	Cm	0	97	152	Bk	736	0.000199737	8.62456E-06	0.00189867	1.98294E-05	04/07/2024
96	153	Cm	0	97	152	Bk	738	0.000195058	8.58071E-06	0.00190119	1.97969E-05	04/07/2024
96	153	Cm	0	97	152	Bk	740	0.000190424	8.53538E-06	0.00190366	1.97634E-05	04/07/2024
96	153	Cm	0	97	152	Bk	742	0.000185835	8.48859E-06	0.00190608	1.97288E-05	04/07/2024
96	153	Cm	0	97	152	Bk	744	0.00018129	8.44031E-06	0.00190846	0.000019693	04/07/2024
96	153	Cm	0	97	152	Bk	746	0.000176792	8.39054E-06	0.00191078	1.96562E-05	04/07/2024
96	153	Cm	0	97	152	Bk	748	0.00017234	8.33928E-06	0.00191305	1.96182E-05	04/07/2024
96	153	Cm	0	97	152	Bk	750	0.000167934	8.28652E-06	0.00191528	1.95791E-05	04/07/2024
96	153	Cm	0	97	152	Bk	752	0.000163576	8.23224E-06	0.00191745	0.000019539	04/07/2024
96	153	Cm	0	97	152	Bk	754	0.000159265	8.17644E-06	0.00191958	1.94976E-05	04/07/2024
96	153	Cm	0	97	152	Bk	756	0.000155001	8.11911E-06	0.00192165	1.94552E-05	04/07/2024
96	153	Cm	0	97	152	Bk	758	0.000150786	8.06026E-06	0.00192367	1.94115E-05	04/07/2024
96	153	Cm	0	97	152	Bk	760	0.000146619	7.99985E-06	0.00192564	1.93667E-05	04/07/2024
96	153	Cm	0	97	152	Bk	762	0.000142502	7.9379E-06	0.00192756	1.93208E-05	04/07/2024
96	153	Cm	0	97	152	Bk	764	0.000138434	7.87439E-06	0.00192943	1.92735E-05	04/07/2024
96	153	Cm	0	97	152	Bk	766	0.000134416	7.80931E-06	0.00193125	1.92252E-05	04/07/2024
96	153	Cm	0	97	152	Bk	768	0.000130448	7.74267E-06	0.00193302	1.91757E-05	04/07/2024
96	153	Cm	0	97	152	Bk	770	0.000126531	7.67443E-06	0.00193473	1.91249E-05	04/07/2024
96	153	Cm	0	97	152	Bk	772	0.000122665	7.60461E-06	0.00193639	0.000019073	04/07/2024
96	153	Cm	0	97	152	Bk	774	0.00011885	7.53319E-06	0.001938	1.90197E-05	04/07/2024
96	153	Cm	0	97	152	Bk	776	0.000115087	7.46016E-06	0.00193955	1.89653E-05	04/07/2024
96	153	Cm	0	97	152	Bk	778	0.000111377	7.38552E-06	0.00194106	1.89096E-05	04/07/2024
96	153	Cm	0	97	152	Bk	780	0.00010772	7.30927E-06	0.00194251	1.88526E-05	04/07/2024
96	153	Cm	0	97	152	Bk	782	0.000104115	7.23138E-06	0.0019439	1.87943E-05	04/07/2024
96	153	Cm	0	97	152	Bk	784	0.000100565	7.15186E-06	0.00194524	1.87347E-05	04/07/2024
96	153	Cm	0	97	152	Bk	786	0.000097068	7.07069E-06	0.00194653	1.86738E-05	04/07/2024
96	153	Cm	0	97	152	Bk	788	9.36257E-05	6.98787E-06	0.00194776	1.86115E-05	04/07/2024
96	153	Cm	0	97	152	Bk	790	9.02383E-05	6.90339E-06	0.00194894	0.000018548	04/07/2024
96	153	Cm	0	97	152	Bk	792	8.69062E-05	6.81724E-06	0.00195006	0.000018483	04/07/2024
96	153	Cm	0	97	152	Bk	794	8.36297E-05	6.72942E-06	0.00195113	1.84165E-05	04/07/2024
96	153	Cm	0	97	152	Bk	796	8.04094E-05	6.63992E-06	0.00195214	1.83488E-05	04/07/2024
96	153	Cm	0	97	152	Bk	798	7.72455E-05	6.54872E-06	0.0019531	1.82796E-05	04/07/2024
96	153	Cm	0	97	152	Bk	800	7.41386E-05	6.45583E-06	0.001954	1.82088E-05	04/07/2024
96	153	Cm	0	97	152	Bk	802	7.10891E-05	6.36123E-06	0.00195484	1.81366E-05	04/07/2024
96	153	Cm	0	97	152	Bk	804	6.80973E-05	6.26491E-06	0.00195563	1.80629E-05	04/07/2024
96	153	Cm	0	97	152	Bk	806	6.51637E-05	6.16688E-06	0.00195636	1.79876E-05	04/07/2024
96	153	Cm	0	97	152	Bk	808	6.22888E-05	6.06711E-06	0.00195703	1.79107E-05	04/07/2024
96	153	Cm	0	97	152	Bk	810	5.94728E-05	5.96561E-06	0.00195765	1.78322E-05	04/07/2024
96	153	Cm	0	97	152	Bk	812	5.67163E-05	5.86237E-06	0.00195821	0.000017752	04/07/2024
96	153	Cm	0	97	152	Bk	814	5.40197E-05	5.75738E-06	0.00195871	0.00001767	04/07/2024
96	153	Cm	0	97	152	Bk	816	5.13833E-05	5.65063E-06	0.00195914	1.75863E-05	04/07/2024
96	153	Cm	0	97	152	Bk	818	4.88076E-05	5.5421E-06	0.00195953	1.75008E-05	04/07/2024
96	153	Cm	0	97	152	Bk	820	4.62931E-05	5.4318E-06	0.00195985	1.74133E-05	04/07/2024
96	153	Cm	0	97	152	Bk	822	4.38401E-05	5.31973E-06	0.00196011	1.73238E-05	04/07/2024
96	153	Cm	0	97	152	Bk	824	4.14491E-05	5.20587E-06	0.00196031	1.72323E-05	04/07/2024
96	153	Cm	0	97	152	Bk	826	3.91204E-05	5.0902E-06	0.00196045	1.71385E-05	04/07/2024
96	153	Cm	0	97	152	Bk	828	3.68545E-05	4.97273E-06	0.00196052	1.70424E-05	04/07/2024
96	153	Cm	0	97	152	Bk	830	3.46519E-05	4.85345E-06	0.00196054	1.69438E-05	04/07/2024
96	153	Cm	0	97	152	Bk	832	3.25129E-05	4.73236E-06	0.00196049	1.68425E-05	04/07/2024
96	153	Cm	0	97	152	Bk	834	3.04379E-05	4.60943E-06	0.00196038	1.67384E-05	04/07/2024
96	153	Cm	0	97	152	Bk	836	2.84274E-05	4.48468E-06	0.0019602	1.66311E-05	04/07/2024
96	153	Cm	0	97	152	Bk	838	2.64818E-05	4.35808E-06	0.00195996	1.65205E-05	04/07/2024
96	153	Cm	0	97	152	Bk	840	2.46016E-05	4.22964E-06	0.00195965	0.000016406	04/07/2024
96	153	Cm	0	97	152	Bk	842	0.000022787	4.09933E-06	0.00195928	1.62873E-05	04/07/2024
96	153	Cm	0	97	152	Bk	844	2.10387E-05	3.96717E-06	0.00195884	1.61637E-05	04/07/2024
96	153	Cm	0	97	152	Bk	846	1.93568E-05	3.83315E-06	0.00195832	1.60346E-05	04/07/2024
96	153	Cm	0	97	152	Bk	848	0.000017742	3.69724E-06	0.00195774	1.58991E-05	04/07/2024
96	153	Cm	0	97	152	Bk	850	1.61946E-05	3.55946E-06	0.00195708	0.000015756	04/07/2024
96	153	Cm	0	97	152	Bk	852	0.000014715	3.41978E-06	0.00195634	0.000015604	04/07/2024
96	153	Cm	0	97	152	Bk	854	1.33036E-05	3.27821E-06	0.00195553	1.54411E-05	04/07/2024
96	153	Cm	0	97	152	Bk	856	1.19609E-05	3.13475E-06	0.00195463	0.000015265	04/07/2024
96	153	Cm	0	97	152	Bk	858	1.06873E-05	2.98936E-06	0.00195365	1.50724E-05	04/07/2024
96	153	Cm	0	97	152	Bk	860	9.48319E-06	2.84208E-06	0.00195258	1.48591E-05	04/07/2024
96	153	Cm	0	97	152	Bk	862	8.34897E-06	2.69287E-06	0.00195141	0.000014619	04/07/2024
96	153	Cm	0	97	152	Bk	864	7.28506E-06	2.54173E-06	0.00195013	0.000014344	04/07/2024
96	153	Cm	0	97	152	Bk	866	6.29189E-06	2.38867E-06	0.00194873	1.40224E-05	04/07/2024
96	153	Cm	0	97	152	Bk	868	5.36985E-06	2.23368E-06	0.0019472	1.36365E-05	04/07/2024
96	153	Cm	0	97	152	Bk	870	4.51937E-06	2.07676E-06	0.00194552	1.31597E-05	04/07/2024
96	153	Cm	0	97	152	Bk	872	3.74085E-06	1.91789E-06	0.00194366	1.25485E-05	04/07/2024
96	153	Cm	0	97	152	Bk	874	3.0347E-06	1.75707E-06	0.00194158	1.17295E-05	04/07/2024
96	153	Cm	0	97	152	Bk	876	2.40131E-06	1.59432E-06	0.00193922	1.05673E-05	04/07/2024
96	153	Cm	0	97	152	Bk	878	1.84109E-06	1.42961E-06	0.0019365	8.79354E-06	04/07/2024
96	153	Cm	0	97	152	Bk	880	1.35443E-06	1.26298E-06	0.00193327	7.77357E-06	04/07/2024
96	153	Cm	0	97	152	Bk	882	9.41715E-07	1.0944E-06	0.00192925	6.37047E-06	04/07/2024
96	153	Cm	0	97	152	Bk	884	6.03333E-07	9.23893E-07	0.00192394	1.12044E-05	04/07/2024
96	153	Cm	0	97	152	Bk	886	3.39648E-07	7.51477E-07	0.0019162	4.19966E-06	04/07/2024
96	153	Cm	0	97	152	Bk	888	1.51008E-07	5.77177E-07	0.00190338	1.39313E-05	04/07/2024
96	153	Cm	0	97	152	Bk	890	3.77238E-08	4.01046E-07	0.00188221	2.19976E-05	04/07/2024
96	153	Cm	0	97	152	Bk	892	0	0	0.00185267	4.09816E-05	04/07/2024
