p_z	p_n	p_symbol	p_energy	d_z	d_n	d_symbol	bin_en	dn_de	unc_dn_de	dn_de_nu	unc_dn_de_nu	extraction_date
44	62	Ru	0	45	61	Rh	0	0.0831883	0.000460464	0	0	19/07/2024
44	62	Ru	0	45	61	Rh	0.1	0.0795096	0.000437978	5.36285E-07	8.85127E-09	19/07/2024
44	62	Ru	0	45	61	Rh	0.2	0.0765686	0.000419668	2.14442E-06	3.53933E-08	19/07/2024
44	62	Ru	0	45	61	Rh	0.3	0.0743655	0.000405532	4.82334E-06	7.96086E-08	19/07/2024
44	62	Ru	0	45	61	Rh	0.4	0.0729524	0.000395795	8.57196E-06	1.4148E-07	19/07/2024
44	62	Ru	0	45	61	Rh	0.5	0.0719954	0.000388588	1.33892E-05	2.20988E-07	19/07/2024
44	62	Ru	0	45	61	Rh	0.6	0.0712994	0.000382825	0.000019274	3.18118E-07	19/07/2024
44	62	Ru	0	45	61	Rh	0.7	0.0707566	0.00037791	2.62253E-05	4.3285E-07	19/07/2024
44	62	Ru	0	45	61	Rh	0.8	0.0703064	0.000373507	0.000034242	5.65168E-07	19/07/2024
44	62	Ru	0	45	61	Rh	0.9	0.0699129	0.000369419	0.000043323	7.15054E-07	19/07/2024
44	62	Ru	0	45	61	Rh	1	0.0695546	0.000365528	5.34674E-05	8.8249E-07	19/07/2024
44	62	Ru	0	45	61	Rh	1.1	0.0692181	0.000361762	6.46739E-05	1.06746E-06	19/07/2024
44	62	Ru	0	45	61	Rh	1.2	0.0688951	0.000358074	7.69415E-05	1.26994E-06	19/07/2024
44	62	Ru	0	45	61	Rh	1.3	0.0685801	0.000354436	9.02692E-05	1.48993E-06	19/07/2024
44	62	Ru	0	45	61	Rh	1.4	0.0682697	0.00035083	0.000104656	1.72739E-06	19/07/2024
44	62	Ru	0	45	61	Rh	1.5	0.0679616	0.000347244	0.000120101	1.98232E-06	19/07/2024
44	62	Ru	0	45	61	Rh	1.6	0.0676546	0.00034367	0.000136602	2.25469E-06	19/07/2024
44	62	Ru	0	45	61	Rh	1.7	0.0673476	0.000340104	0.00015416	2.54449E-06	19/07/2024
44	62	Ru	0	45	61	Rh	1.8	0.0670401	0.000336544	0.000172772	2.8517E-06	19/07/2024
44	62	Ru	0	45	61	Rh	1.9	0.0667318	0.000332987	0.000192437	3.17631E-06	19/07/2024
44	62	Ru	0	45	61	Rh	2	0.0664226	0.000329433	0.000213156	3.51829E-06	19/07/2024
44	62	Ru	0	45	61	Rh	2.1	0.0661124	0.000325883	0.000234926	3.87763E-06	19/07/2024
44	62	Ru	0	45	61	Rh	2.2	0.0658012	0.000322336	0.000257746	4.25431E-06	19/07/2024
44	62	Ru	0	45	61	Rh	2.3	0.0654891	0.000318793	0.000281616	4.64832E-06	19/07/2024
44	62	Ru	0	45	61	Rh	2.4	0.0651761	0.000315254	0.000306534	5.05963E-06	19/07/2024
44	62	Ru	0	45	61	Rh	2.5	0.0648624	0.000311719	0.0003325	5.48823E-06	19/07/2024
44	62	Ru	0	45	61	Rh	2.6	0.064548	0.000308191	0.000359512	5.93411E-06	19/07/2024
44	62	Ru	0	45	61	Rh	2.7	0.064233	0.000304668	0.000387569	6.39724E-06	19/07/2024
44	62	Ru	0	45	61	Rh	2.8	0.0639176	0.000301152	0.00041667	6.87761E-06	19/07/2024
44	62	Ru	0	45	61	Rh	2.9	0.0636018	0.000297644	0.000446815	7.3752E-06	19/07/2024
44	62	Ru	0	45	61	Rh	3	0.0632858	0.000294143	0.000478001	7.88999E-06	19/07/2024
44	62	Ru	0	45	61	Rh	3.1	0.0629695	0.00029065	0.000510229	8.42198E-06	19/07/2024
44	62	Ru	0	45	61	Rh	3.2	0.0626532	0.000287166	0.000543496	8.97113E-06	19/07/2024
44	62	Ru	0	45	61	Rh	3.3	0.0623368	0.000283692	0.000577803	9.53743E-06	19/07/2024
44	62	Ru	0	45	61	Rh	3.4	0.0620205	0.000280226	0.000613147	1.01209E-05	19/07/2024
44	62	Ru	0	45	61	Rh	3.5	0.0617042	0.000276771	0.000649528	1.07214E-05	19/07/2024
44	62	Ru	0	45	61	Rh	3.6	0.0613881	0.000273326	0.000686945	1.13391E-05	19/07/2024
44	62	Ru	0	45	61	Rh	3.7	0.0610722	0.000269892	0.000725396	1.19738E-05	19/07/2024
44	62	Ru	0	45	61	Rh	3.8	0.0607566	0.000266468	0.000764881	1.26256E-05	19/07/2024
44	62	Ru	0	45	61	Rh	3.9	0.0604412	0.000263055	0.000805399	1.32945E-05	19/07/2024
44	62	Ru	0	45	61	Rh	4	0.0601262	0.000259654	0.000846949	1.39804E-05	19/07/2024
44	62	Ru	0	45	61	Rh	4.1	0.0598116	0.000256264	0.000889529	1.46833E-05	19/07/2024
44	62	Ru	0	45	61	Rh	4.2	0.0594974	0.000252885	0.000933138	1.54032E-05	19/07/2024
44	62	Ru	0	45	61	Rh	4.3	0.0591836	0.000249519	0.000977776	1.61401E-05	19/07/2024
44	62	Ru	0	45	61	Rh	4.4	0.0588702	0.000246164	0.00102344	1.68939E-05	19/07/2024
44	62	Ru	0	45	61	Rh	4.5	0.0585574	0.000242822	0.00107013	1.76647E-05	19/07/2024
44	62	Ru	0	45	61	Rh	4.6	0.0582451	0.000239492	0.00111785	1.84524E-05	19/07/2024
44	62	Ru	0	45	61	Rh	4.7	0.0579333	0.000236174	0.00116659	1.92571E-05	19/07/2024
44	62	Ru	0	45	61	Rh	4.8	0.057622	0.000232868	0.00121636	2.00786E-05	19/07/2024
44	62	Ru	0	45	61	Rh	4.9	0.0573113	0.000229576	0.00126714	0.000020917	19/07/2024
44	62	Ru	0	45	61	Rh	5	0.0570012	0.000226295	0.00131895	2.17723E-05	19/07/2024
44	62	Ru	0	45	61	Rh	5.1	0.0566917	0.000223028	0.00137178	2.26444E-05	19/07/2024
44	62	Ru	0	45	61	Rh	5.2	0.0563828	0.000219773	0.00142563	2.35334E-05	19/07/2024
44	62	Ru	0	45	61	Rh	5.3	0.0560745	0.000216532	0.00148049	2.44391E-05	19/07/2024
44	62	Ru	0	45	61	Rh	5.4	0.0557668	0.000213303	0.00153637	2.53617E-05	19/07/2024
44	62	Ru	0	45	61	Rh	5.5	0.0554598	0.000210087	0.00159327	0.000026301	19/07/2024
44	62	Ru	0	45	61	Rh	5.6	0.0551534	0.000206884	0.00165119	2.72571E-05	19/07/2024
44	62	Ru	0	45	61	Rh	5.7	0.0548477	0.000203695	0.00171011	0.00002823	19/07/2024
44	62	Ru	0	45	61	Rh	5.8	0.0545426	0.000200518	0.00177005	2.92195E-05	19/07/2024
44	62	Ru	0	45	61	Rh	5.9	0.0542382	0.000197355	0.00183101	3.02258E-05	19/07/2024
44	62	Ru	0	45	61	Rh	6	0.0539345	0.000194205	0.00189297	3.12488E-05	19/07/2024
44	62	Ru	0	45	61	Rh	6.1	0.0536315	0.000191068	0.00195594	3.22884E-05	19/07/2024
44	62	Ru	0	45	61	Rh	6.2	0.0533292	0.000187945	0.00201993	3.33448E-05	19/07/2024
44	62	Ru	0	45	61	Rh	6.3	0.0530276	0.000184835	0.00208492	3.44177E-05	19/07/2024
44	62	Ru	0	45	61	Rh	6.4	0.0527266	0.000181738	0.00215091	3.55073E-05	19/07/2024
44	62	Ru	0	45	61	Rh	6.5	0.0524264	0.000178655	0.00221791	3.66135E-05	19/07/2024
44	62	Ru	0	45	61	Rh	6.6	0.0521269	0.000175585	0.00228592	3.77363E-05	19/07/2024
44	62	Ru	0	45	61	Rh	6.7	0.051828	0.000172529	0.00235493	3.88756E-05	19/07/2024
44	62	Ru	0	45	61	Rh	6.8	0.0515299	0.000169486	0.00242495	4.00316E-05	19/07/2024
44	62	Ru	0	45	61	Rh	6.9	0.0512326	0.000166457	0.00249596	0.000041204	19/07/2024
44	62	Ru	0	45	61	Rh	7	0.0509359	0.000163441	0.00256798	0.000042393	19/07/2024
44	62	Ru	0	45	61	Rh	7.1	0.05064	0.000160439	0.00264099	4.35985E-05	19/07/2024
44	62	Ru	0	45	61	Rh	7.2	0.0503447	0.000157451	0.00271501	4.48205E-05	19/07/2024
44	62	Ru	0	45	61	Rh	7.3	0.0500503	0.000154476	0.00279002	0.000046059	19/07/2024
44	62	Ru	0	45	61	Rh	7.4	0.0497565	0.000151515	0.00286603	4.73139E-05	19/07/2024
44	62	Ru	0	45	61	Rh	7.5	0.0494635	0.000148568	0.00294303	4.85853E-05	19/07/2024
44	62	Ru	0	45	61	Rh	7.6	0.0491712	0.000145634	0.00302103	4.98731E-05	19/07/2024
44	62	Ru	0	45	61	Rh	7.7	0.0488797	0.000142715	0.00310002	5.11773E-05	19/07/2024
44	62	Ru	0	45	61	Rh	7.8	0.0485889	0.000139809	0.00318001	5.24979E-05	19/07/2024
44	62	Ru	0	45	61	Rh	7.9	0.0482989	0.000136916	0.00326098	5.38349E-05	19/07/2024
44	62	Ru	0	45	61	Rh	8	0.0480096	0.000134038	0.00334295	5.51882E-05	19/07/2024
44	62	Ru	0	45	61	Rh	8.1	0.047721	0.000131173	0.00342591	5.65579E-05	19/07/2024
44	62	Ru	0	45	61	Rh	8.2	0.0474332	0.000128322	0.00350985	5.79439E-05	19/07/2024
44	62	Ru	0	45	61	Rh	8.3	0.0471461	0.000125485	0.00359478	5.93462E-05	19/07/2024
44	62	Ru	0	45	61	Rh	8.4	0.0468598	0.000122662	0.0036807	6.07649E-05	19/07/2024
44	62	Ru	0	45	61	Rh	8.5	0.0465743	0.000119881	0.00376761	6.21997E-05	19/07/2024
44	62	Ru	0	45	61	Rh	8.6	0.0462895	0.000117123	0.00385549	6.36509E-05	19/07/2024
44	62	Ru	0	45	61	Rh	8.7	0.0460054	0.00011438	0.00394437	6.51183E-05	19/07/2024
44	62	Ru	0	45	61	Rh	8.8	0.0457222	0.00011165	0.00403422	6.66019E-05	19/07/2024
44	62	Ru	0	45	61	Rh	8.9	0.0454396	0.000108934	0.00412506	6.81017E-05	19/07/2024
44	62	Ru	0	45	61	Rh	9	0.0451579	0.000106232	0.00421687	6.96178E-05	19/07/2024
44	62	Ru	0	45	61	Rh	9.1	0.0448769	0.000103543	0.00430967	0.00007115	19/07/2024
44	62	Ru	0	45	61	Rh	9.2	0.0445967	0.000100868	0.00440345	7.26983E-05	19/07/2024
44	62	Ru	0	45	61	Rh	9.3	0.0443172	9.82067E-05	0.0044982	7.42629E-05	19/07/2024
44	62	Ru	0	45	61	Rh	9.4	0.0440385	9.55593E-05	0.00459393	7.58435E-05	19/07/2024
44	62	Ru	0	45	61	Rh	9.5	0.0437606	9.29256E-05	0.00469063	7.74402E-05	19/07/2024
44	62	Ru	0	45	61	Rh	9.6	0.0434834	9.03057E-05	0.00478831	7.90531E-05	19/07/2024
44	62	Ru	0	45	61	Rh	9.7	0.043207	8.76997E-05	0.00488696	0.000080682	19/07/2024
44	62	Ru	0	45	61	Rh	9.8	0.0429314	8.51074E-05	0.00498658	0.000082327	19/07/2024
44	62	Ru	0	45	61	Rh	9.9	0.0426565	8.25291E-05	0.00508718	0.000083988	19/07/2024
44	62	Ru	0	45	61	Rh	10	0.0423825	7.99646E-05	0.00518875	8.56651E-05	19/07/2024
44	62	Ru	0	45	61	Rh	10.1	0.0421092	0.000077414	0.00529128	8.73581E-05	19/07/2024
44	62	Ru	0	45	61	Rh	10.2	0.0418367	7.48773E-05	0.00539479	8.90672E-05	19/07/2024
44	62	Ru	0	45	61	Rh	10.3	0.0415649	7.23545E-05	0.00549926	9.07922E-05	19/07/2024
44	62	Ru	0	45	61	Rh	10.4	0.041294	6.98457E-05	0.0056047	9.25333E-05	19/07/2024
44	62	Ru	0	45	61	Rh	10.5	0.0410238	6.73509E-05	0.0057111	9.42902E-05	19/07/2024
44	62	Ru	0	45	61	Rh	10.6	0.0407544	0.00006487	0.00581847	9.60631E-05	19/07/2024
44	62	Ru	0	45	61	Rh	10.7	0.0404858	6.24031E-05	0.0059268	9.78519E-05	19/07/2024
44	62	Ru	0	45	61	Rh	10.8	0.040218	5.99502E-05	0.00603609	9.96566E-05	19/07/2024
44	62	Ru	0	45	61	Rh	10.9	0.0399509	5.75114E-05	0.00614635	0.000101477	19/07/2024
44	62	Ru	0	45	61	Rh	11	0.0396847	5.50866E-05	0.00625757	0.000103314	19/07/2024
44	62	Ru	0	45	61	Rh	11.1	0.0394192	5.26758E-05	0.00636974	0.000105166	19/07/2024
44	62	Ru	0	45	61	Rh	11.2	0.0391546	5.02792E-05	0.00648288	0.000107034	19/07/2024
44	62	Ru	0	45	61	Rh	11.3	0.0388907	4.78966E-05	0.00659697	0.000108918	19/07/2024
44	62	Ru	0	45	61	Rh	11.4	0.0386276	4.55282E-05	0.00671202	0.000110818	19/07/2024
44	62	Ru	0	45	61	Rh	11.5	0.0383653	4.31739E-05	0.00682802	0.000112733	19/07/2024
44	62	Ru	0	45	61	Rh	11.6	0.0381038	4.08337E-05	0.00694498	0.000114664	19/07/2024
44	62	Ru	0	45	61	Rh	11.7	0.0378431	3.85077E-05	0.00706289	0.000116611	19/07/2024
44	62	Ru	0	45	61	Rh	11.8	0.0375832	3.61959E-05	0.00718176	0.000118574	19/07/2024
44	62	Ru	0	45	61	Rh	11.9	0.0373241	3.38983E-05	0.00730158	0.000120553	19/07/2024
44	62	Ru	0	45	61	Rh	12	0.0370657	3.16149E-05	0.00742234	0.000122547	19/07/2024
44	62	Ru	0	45	61	Rh	12.1	0.0368082	2.93457E-05	0.00754406	0.000124557	19/07/2024
44	62	Ru	0	45	61	Rh	12.2	0.0365515	2.70908E-05	0.00766673	0.000126582	19/07/2024
44	62	Ru	0	45	61	Rh	12.3	0.0362956	2.48502E-05	0.00779034	0.000128623	19/07/2024
44	62	Ru	0	45	61	Rh	12.4	0.0360405	2.26238E-05	0.0079149	0.00013068	19/07/2024
44	62	Ru	0	45	61	Rh	12.5	0.0357862	2.04117E-05	0.00804041	0.000132753	19/07/2024
44	62	Ru	0	45	61	Rh	12.6	0.0355327	0.000018214	0.00816686	0.000134841	19/07/2024
44	62	Ru	0	45	61	Rh	12.7	0.03528	1.60306E-05	0.00829425	0.000136944	19/07/2024
44	62	Ru	0	45	61	Rh	12.8	0.0350281	1.38615E-05	0.00842259	0.000139063	19/07/2024
44	62	Ru	0	45	61	Rh	12.9	0.0347771	1.17068E-05	0.00855187	0.000141198	19/07/2024
44	62	Ru	0	45	61	Rh	13	0.0345268	9.56645E-06	0.00868209	0.000143348	19/07/2024
44	62	Ru	0	45	61	Rh	13.1	0.0342773	7.44053E-06	0.00881325	0.000145514	19/07/2024
44	62	Ru	0	45	61	Rh	13.2	0.0340287	5.32902E-06	0.00894535	0.000147695	19/07/2024
44	62	Ru	0	45	61	Rh	13.3	0.0337809	3.23194E-06	0.00907839	0.000149892	19/07/2024
44	62	Ru	0	45	61	Rh	13.4	0.0335339	1.14931E-06	0.00921236	0.000152104	19/07/2024
44	62	Ru	0	45	61	Rh	13.5	0.0332877	2.46067E-06	0.00934727	0.000154332	19/07/2024
44	62	Ru	0	45	61	Rh	13.6	0.0330423	4.53639E-06	0.00948312	0.000156575	19/07/2024
44	62	Ru	0	45	61	Rh	13.7	0.0327977	6.59729E-06	0.0096199	0.000158833	19/07/2024
44	62	Ru	0	45	61	Rh	13.8	0.032554	8.64334E-06	0.00975761	0.000161107	19/07/2024
44	62	Ru	0	45	61	Rh	13.9	0.0323111	1.06745E-05	0.00989625	0.000163397	19/07/2024
44	62	Ru	0	45	61	Rh	14	0.032069	1.26909E-05	0.0100358	0.000165701	19/07/2024
44	62	Ru	0	45	61	Rh	14.1	0.0318277	1.46923E-05	0.0101763	0.000168021	19/07/2024
44	62	Ru	0	45	61	Rh	14.2	0.0315873	1.66788E-05	0.0103178	0.000170357	19/07/2024
44	62	Ru	0	45	61	Rh	14.3	0.0313476	1.86504E-05	0.0104601	0.000172707	19/07/2024
44	62	Ru	0	45	61	Rh	14.4	0.0311088	0.000020607	0.0106034	0.000175073	19/07/2024
44	62	Ru	0	45	61	Rh	14.5	0.0308708	2.25487E-05	0.0107476	0.000177454	19/07/2024
44	62	Ru	0	45	61	Rh	14.6	0.0306337	2.44754E-05	0.0108928	0.000179851	19/07/2024
44	62	Ru	0	45	61	Rh	14.7	0.0303974	2.63871E-05	0.0110388	0.000182263	19/07/2024
44	62	Ru	0	45	61	Rh	14.8	0.0301619	2.82838E-05	0.0111858	0.00018469	19/07/2024
44	62	Ru	0	45	61	Rh	14.9	0.0299272	3.01655E-05	0.0113337	0.000187132	19/07/2024
44	62	Ru	0	45	61	Rh	15	0.0296934	3.20321E-05	0.0114826	0.000189589	19/07/2024
44	62	Ru	0	45	61	Rh	15.1	0.0294604	3.38837E-05	0.0116323	0.000192062	19/07/2024
44	62	Ru	0	45	61	Rh	15.2	0.0292283	3.57202E-05	0.011783	0.000194549	19/07/2024
44	62	Ru	0	45	61	Rh	15.3	0.0289969	3.75416E-05	0.0119346	0.000197052	19/07/2024
44	62	Ru	0	45	61	Rh	15.4	0.0287665	3.93479E-05	0.0120871	0.00019957	19/07/2024
44	62	Ru	0	45	61	Rh	15.5	0.0285368	0.000041139	0.0122405	0.000202103	19/07/2024
44	62	Ru	0	45	61	Rh	15.6	0.028308	4.29151E-05	0.0123949	0.000204652	19/07/2024
44	62	Ru	0	45	61	Rh	15.7	0.02808	4.46759E-05	0.0125501	0.000207215	19/07/2024
44	62	Ru	0	45	61	Rh	15.8	0.0278529	4.64216E-05	0.0127063	0.000209793	19/07/2024
44	62	Ru	0	45	61	Rh	15.9	0.0276266	4.81521E-05	0.0128634	0.000212387	19/07/2024
44	62	Ru	0	45	61	Rh	16	0.0274012	4.98674E-05	0.0130214	0.000214995	19/07/2024
44	62	Ru	0	45	61	Rh	16.1	0.0271766	5.15675E-05	0.0131803	0.000217618	19/07/2024
44	62	Ru	0	45	61	Rh	16.2	0.0269528	5.32523E-05	0.0133401	0.000220257	19/07/2024
44	62	Ru	0	45	61	Rh	16.3	0.0267299	5.49219E-05	0.0135008	0.00022291	19/07/2024
44	62	Ru	0	45	61	Rh	16.4	0.0265079	5.65762E-05	0.0136624	0.000225579	19/07/2024
44	62	Ru	0	45	61	Rh	16.5	0.0262866	5.82152E-05	0.013825	0.000228262	19/07/2024
44	62	Ru	0	45	61	Rh	16.6	0.0260663	5.98389E-05	0.0139884	0.00023096	19/07/2024
44	62	Ru	0	45	61	Rh	16.7	0.0258468	6.14473E-05	0.0141528	0.000233673	19/07/2024
44	62	Ru	0	45	61	Rh	16.8	0.0256281	6.30404E-05	0.014318	0.000236401	19/07/2024
44	62	Ru	0	45	61	Rh	16.9	0.0254103	6.46181E-05	0.0144842	0.000239144	19/07/2024
44	62	Ru	0	45	61	Rh	17	0.0251933	6.61804E-05	0.0146512	0.000241902	19/07/2024
44	62	Ru	0	45	61	Rh	17.1	0.0249772	6.77273E-05	0.0148192	0.000244674	19/07/2024
44	62	Ru	0	45	61	Rh	17.2	0.024762	6.92589E-05	0.014988	0.000247462	19/07/2024
44	62	Ru	0	45	61	Rh	17.3	0.0245476	0.000070775	0.0151578	0.000250264	19/07/2024
44	62	Ru	0	45	61	Rh	17.4	0.0243341	7.22757E-05	0.0153285	0.000253081	19/07/2024
44	62	Ru	0	45	61	Rh	17.5	0.0241214	7.37609E-05	0.0155	0.000255913	19/07/2024
44	62	Ru	0	45	61	Rh	17.6	0.0239096	7.52306E-05	0.0156725	0.000258759	19/07/2024
44	62	Ru	0	45	61	Rh	17.7	0.0236986	7.66849E-05	0.0158458	0.00026162	19/07/2024
44	62	Ru	0	45	61	Rh	17.8	0.0234885	7.81237E-05	0.01602	0.000264496	19/07/2024
44	62	Ru	0	45	61	Rh	17.9	0.0232793	0.000079547	0.0161952	0.000267387	19/07/2024
44	62	Ru	0	45	61	Rh	18	0.0230709	8.09547E-05	0.0163712	0.000270292	19/07/2024
44	62	Ru	0	45	61	Rh	18.1	0.0228634	8.23469E-05	0.0165481	0.000273212	19/07/2024
44	62	Ru	0	45	61	Rh	18.2	0.0226568	8.37235E-05	0.0167259	0.000276147	19/07/2024
44	62	Ru	0	45	61	Rh	18.3	0.022451	8.50845E-05	0.0169046	0.000279096	19/07/2024
44	62	Ru	0	45	61	Rh	18.4	0.0222461	0.00008643	0.0170842	0.00028206	19/07/2024
44	62	Ru	0	45	61	Rh	18.5	0.0220421	8.77598E-05	0.0172646	0.000285038	19/07/2024
44	62	Ru	0	45	61	Rh	18.6	0.0218389	0.000089074	0.017446	0.000288031	19/07/2024
44	62	Ru	0	45	61	Rh	18.7	0.0216367	9.03725E-05	0.0176282	0.000291039	19/07/2024
44	62	Ru	0	45	61	Rh	18.8	0.0214352	9.16554E-05	0.0178114	0.000294061	19/07/2024
44	62	Ru	0	45	61	Rh	18.9	0.0212347	9.29226E-05	0.0179954	0.000297098	19/07/2024
44	62	Ru	0	45	61	Rh	19	0.021035	9.41741E-05	0.0181803	0.000300149	19/07/2024
44	62	Ru	0	45	61	Rh	19.1	0.0208362	9.54099E-05	0.018366	0.000303214	19/07/2024
44	62	Ru	0	45	61	Rh	19.2	0.0206383	0.00009663	0.0185527	0.000306294	19/07/2024
44	62	Ru	0	45	61	Rh	19.3	0.0204412	9.78343E-05	0.0187402	0.000309389	19/07/2024
44	62	Ru	0	45	61	Rh	19.4	0.0202451	9.90229E-05	0.0189286	0.000312498	19/07/2024
44	62	Ru	0	45	61	Rh	19.5	0.0200498	0.000100196	0.0191179	0.000315621	19/07/2024
44	62	Ru	0	45	61	Rh	19.6	0.0198554	0.000101353	0.0193081	0.000318759	19/07/2024
44	62	Ru	0	45	61	Rh	19.7	0.0196619	0.000102494	0.0194991	0.000321911	19/07/2024
44	62	Ru	0	45	61	Rh	19.8	0.0194692	0.000103619	0.019691	0.000325077	19/07/2024
44	62	Ru	0	45	61	Rh	19.9	0.0192774	0.000104729	0.0198838	0.000328258	19/07/2024
44	62	Ru	0	45	61	Rh	20	0.0190866	0.000105822	0.0200775	0.000331453	19/07/2024
44	62	Ru	0	45	61	Rh	20.1	0.0188966	0.0001069	0.020272	0.000334662	19/07/2024
44	62	Ru	0	45	61	Rh	20.2	0.0187075	0.000107962	0.0204674	0.000337886	19/07/2024
44	62	Ru	0	45	61	Rh	20.3	0.0185192	0.000109008	0.0206637	0.000341123	19/07/2024
44	62	Ru	0	45	61	Rh	20.4	0.0183319	0.000110038	0.0208608	0.000344375	19/07/2024
44	62	Ru	0	45	61	Rh	20.5	0.0181455	0.000111052	0.0210588	0.000347642	19/07/2024
44	62	Ru	0	45	61	Rh	20.6	0.0179599	0.000112051	0.0212577	0.000350922	19/07/2024
44	62	Ru	0	45	61	Rh	20.7	0.0177752	0.000113033	0.0214574	0.000354217	19/07/2024
44	62	Ru	0	45	61	Rh	20.8	0.0175915	0.000113999	0.0216581	0.000357526	19/07/2024
44	62	Ru	0	45	61	Rh	20.9	0.0174086	0.000114949	0.0218595	0.000360849	19/07/2024
44	62	Ru	0	45	61	Rh	21	0.0172266	0.000115884	0.0220619	0.000364186	19/07/2024
44	62	Ru	0	45	61	Rh	21.1	0.0170455	0.000116802	0.022265	0.000367537	19/07/2024
44	62	Ru	0	45	61	Rh	21.2	0.0168653	0.000117704	0.0224691	0.000370902	19/07/2024
44	62	Ru	0	45	61	Rh	21.3	0.016686	0.00011859	0.022674	0.000374281	19/07/2024
44	62	Ru	0	45	61	Rh	21.4	0.0165076	0.00011946	0.0228798	0.000377675	19/07/2024
44	62	Ru	0	45	61	Rh	21.5	0.0163301	0.000120314	0.0230864	0.000381082	19/07/2024
44	62	Ru	0	45	61	Rh	21.6	0.0161535	0.000121152	0.0232939	0.000384503	19/07/2024
44	62	Ru	0	45	61	Rh	21.7	0.0159778	0.000121973	0.0235022	0.000387939	19/07/2024
44	62	Ru	0	45	61	Rh	21.8	0.015803	0.000122779	0.0237114	0.000391388	19/07/2024
44	62	Ru	0	45	61	Rh	21.9	0.0156291	0.000123568	0.0239215	0.000394851	19/07/2024
44	62	Ru	0	45	61	Rh	22	0.0154561	0.000124341	0.0241324	0.000398328	19/07/2024
44	62	Ru	0	45	61	Rh	22.1	0.015284	0.000125098	0.0243441	0.000401819	19/07/2024
44	62	Ru	0	45	61	Rh	22.2	0.0151128	0.000125839	0.0245567	0.000405324	19/07/2024
44	62	Ru	0	45	61	Rh	22.3	0.0149425	0.000126563	0.0247702	0.000408843	19/07/2024
44	62	Ru	0	45	61	Rh	22.4	0.0147732	0.000127272	0.0249845	0.000412376	19/07/2024
44	62	Ru	0	45	61	Rh	22.5	0.0146047	0.000127964	0.0251996	0.000415922	19/07/2024
44	62	Ru	0	45	61	Rh	22.6	0.0144372	0.000128639	0.0254156	0.000419482	19/07/2024
44	62	Ru	0	45	61	Rh	22.7	0.0142705	0.000129299	0.0256325	0.000423056	19/07/2024
44	62	Ru	0	45	61	Rh	22.8	0.0141048	0.000129942	0.0258502	0.000426644	19/07/2024
44	62	Ru	0	45	61	Rh	22.9	0.01394	0.000130569	0.0260687	0.000430246	19/07/2024
44	62	Ru	0	45	61	Rh	23	0.0137761	0.000131179	0.0262881	0.000433861	19/07/2024
44	62	Ru	0	45	61	Rh	23.1	0.0136131	0.000131773	0.0265083	0.00043749	19/07/2024
44	62	Ru	0	45	61	Rh	23.2	0.013451	0.000132351	0.0267293	0.000441132	19/07/2024
44	62	Ru	0	45	61	Rh	23.3	0.0132899	0.000132912	0.0269512	0.000444789	19/07/2024
44	62	Ru	0	45	61	Rh	23.4	0.0131296	0.000133457	0.027174	0.000448459	19/07/2024
44	62	Ru	0	45	61	Rh	23.5	0.0129703	0.000133986	0.0273975	0.000452142	19/07/2024
44	62	Ru	0	45	61	Rh	23.6	0.0128119	0.000134498	0.0276219	0.000455839	19/07/2024
44	62	Ru	0	45	61	Rh	23.7	0.0126544	0.000134993	0.0278472	0.00045955	19/07/2024
44	62	Ru	0	45	61	Rh	23.8	0.0124978	0.000135472	0.0280732	0.000463274	19/07/2024
44	62	Ru	0	45	61	Rh	23.9	0.0123422	0.000135935	0.0283001	0.000467012	19/07/2024
44	62	Ru	0	45	61	Rh	24	0.0121875	0.000136381	0.0285279	0.000470763	19/07/2024
44	62	Ru	0	45	61	Rh	24.1	0.0120337	0.00013681	0.0287564	0.000474528	19/07/2024
44	62	Ru	0	45	61	Rh	24.2	0.0118808	0.000137223	0.0289858	0.000478306	19/07/2024
44	62	Ru	0	45	61	Rh	24.3	0.0117289	0.00013762	0.0292161	0.000482097	19/07/2024
44	62	Ru	0	45	61	Rh	24.4	0.0115779	0.000138	0.0294471	0.000485902	19/07/2024
44	62	Ru	0	45	61	Rh	24.5	0.0114278	0.000138363	0.029679	0.000489721	19/07/2024
44	62	Ru	0	45	61	Rh	24.6	0.0112786	0.00013871	0.0299117	0.000493553	19/07/2024
44	62	Ru	0	45	61	Rh	24.7	0.0111304	0.00013904	0.0301452	0.000497398	19/07/2024
44	62	Ru	0	45	61	Rh	24.8	0.0109831	0.000139353	0.0303796	0.000501256	19/07/2024
44	62	Ru	0	45	61	Rh	24.9	0.0108368	0.00013965	0.0306148	0.000505128	19/07/2024
44	62	Ru	0	45	61	Rh	25	0.0106913	0.00013993	0.0308508	0.000509013	19/07/2024
44	62	Ru	0	45	61	Rh	25.1	0.0105468	0.000140194	0.0310876	0.000512911	19/07/2024
44	62	Ru	0	45	61	Rh	25.2	0.0104033	0.00014044	0.0313252	0.000516823	19/07/2024
44	62	Ru	0	45	61	Rh	25.3	0.0102607	0.00014067	0.0315637	0.000520748	19/07/2024
44	62	Ru	0	45	61	Rh	25.4	0.010119	0.000140884	0.031803	0.000524686	19/07/2024
44	62	Ru	0	45	61	Rh	25.5	0.00997824	0.00014108	0.0320431	0.000528637	19/07/2024
44	62	Ru	0	45	61	Rh	25.6	0.00983843	0.00014126	0.032284	0.000532601	19/07/2024
44	62	Ru	0	45	61	Rh	25.7	0.00969956	0.000141423	0.0325257	0.000536579	19/07/2024
44	62	Ru	0	45	61	Rh	25.8	0.00956163	0.000141569	0.0327682	0.000540569	19/07/2024
44	62	Ru	0	45	61	Rh	25.9	0.00942465	0.000141698	0.0330116	0.000544573	19/07/2024
44	62	Ru	0	45	61	Rh	26	0.00928861	0.000141811	0.0332557	0.00054859	19/07/2024
44	62	Ru	0	45	61	Rh	26.1	0.00915351	0.000141906	0.0335007	0.000552619	19/07/2024
44	62	Ru	0	45	61	Rh	26.2	0.00901936	0.000141985	0.0337464	0.000556662	19/07/2024
44	62	Ru	0	45	61	Rh	26.3	0.00888615	0.000142047	0.033993	0.000560718	19/07/2024
44	62	Ru	0	45	61	Rh	26.4	0.00875389	0.000142092	0.0342404	0.000564787	19/07/2024
44	62	Ru	0	45	61	Rh	26.5	0.00862258	0.00014212	0.0344886	0.000568868	19/07/2024
44	62	Ru	0	45	61	Rh	26.6	0.00849221	0.000142131	0.0347376	0.000572963	19/07/2024
44	62	Ru	0	45	61	Rh	26.7	0.0083628	0.000142125	0.0349874	0.000577071	19/07/2024
44	62	Ru	0	45	61	Rh	26.8	0.00823434	0.000142102	0.035238	0.000581191	19/07/2024
44	62	Ru	0	45	61	Rh	26.9	0.00810683	0.000142062	0.0354894	0.000585324	19/07/2024
44	62	Ru	0	45	61	Rh	27	0.00798027	0.000142005	0.0357416	0.00058947	19/07/2024
44	62	Ru	0	45	61	Rh	27.1	0.00785467	0.000141931	0.0359946	0.000593629	19/07/2024
44	62	Ru	0	45	61	Rh	27.2	0.00773002	0.000141841	0.0362484	0.000597801	19/07/2024
44	62	Ru	0	45	61	Rh	27.3	0.00760633	0.000141733	0.036503	0.000601985	19/07/2024
44	62	Ru	0	45	61	Rh	27.4	0.00748359	0.000141608	0.0367583	0.000606183	19/07/2024
44	62	Ru	0	45	61	Rh	27.5	0.00736181	0.000141465	0.0370145	0.000610393	19/07/2024
44	62	Ru	0	45	61	Rh	27.6	0.00724099	0.000141306	0.0372715	0.000614615	19/07/2024
44	62	Ru	0	45	61	Rh	27.7	0.00712113	0.00014113	0.0375293	0.000618851	19/07/2024
44	62	Ru	0	45	61	Rh	27.8	0.00700223	0.000140936	0.0377878	0.000623098	19/07/2024
44	62	Ru	0	45	61	Rh	27.9	0.0068843	0.000140726	0.0380472	0.000627359	19/07/2024
44	62	Ru	0	45	61	Rh	28	0.00676732	0.000140498	0.0383073	0.000631632	19/07/2024
44	62	Ru	0	45	61	Rh	28.1	0.00665131	0.000140253	0.0385682	0.000635918	19/07/2024
44	62	Ru	0	45	61	Rh	28.2	0.00653627	0.00013999	0.0388299	0.000640216	19/07/2024
44	62	Ru	0	45	61	Rh	28.3	0.00642219	0.000139711	0.0390924	0.000644527	19/07/2024
44	62	Ru	0	45	61	Rh	28.4	0.00630907	0.000139414	0.0393557	0.00064885	19/07/2024
44	62	Ru	0	45	61	Rh	28.5	0.00619693	0.0001391	0.0396197	0.000653186	19/07/2024
44	62	Ru	0	45	61	Rh	28.6	0.00608575	0.000138769	0.0398846	0.000657534	19/07/2024
44	62	Ru	0	45	61	Rh	28.7	0.00597554	0.00013842	0.0401502	0.000661894	19/07/2024
44	62	Ru	0	45	61	Rh	28.8	0.00586631	0.000138055	0.0404166	0.000666267	19/07/2024
44	62	Ru	0	45	61	Rh	28.9	0.00575804	0.000137671	0.0406838	0.000670652	19/07/2024
44	62	Ru	0	45	61	Rh	29	0.00565075	0.000137271	0.0409517	0.00067505	19/07/2024
44	62	Ru	0	45	61	Rh	29.1	0.00554443	0.000136853	0.0412204	0.00067946	19/07/2024
44	62	Ru	0	45	61	Rh	29.2	0.00543909	0.000136418	0.0414899	0.000683882	19/07/2024
44	62	Ru	0	45	61	Rh	29.3	0.00533472	0.000135965	0.0417602	0.000688316	19/07/2024
44	62	Ru	0	45	61	Rh	29.4	0.00523133	0.000135495	0.0420313	0.000692762	19/07/2024
44	62	Ru	0	45	61	Rh	29.5	0.00512892	0.000135007	0.0423031	0.000697221	19/07/2024
44	62	Ru	0	45	61	Rh	29.6	0.00502749	0.000134502	0.0425756	0.000701691	19/07/2024
44	62	Ru	0	45	61	Rh	29.7	0.00492703	0.00013398	0.042849	0.000706174	19/07/2024
44	62	Ru	0	45	61	Rh	29.8	0.00482756	0.00013344	0.0431231	0.000710668	19/07/2024
44	62	Ru	0	45	61	Rh	29.9	0.00472907	0.000132883	0.043398	0.000715175	19/07/2024
44	62	Ru	0	45	61	Rh	30	0.00463156	0.000132308	0.0436737	0.000719693	19/07/2024
44	62	Ru	0	45	61	Rh	30.1	0.00453504	0.000131715	0.0439501	0.000724223	19/07/2024
44	62	Ru	0	45	61	Rh	30.2	0.0044395	0.000131105	0.0442272	0.000728765	19/07/2024
44	62	Ru	0	45	61	Rh	30.3	0.00434494	0.000130478	0.0445052	0.000733319	19/07/2024
44	62	Ru	0	45	61	Rh	30.4	0.00425137	0.000129833	0.0447839	0.000737884	19/07/2024
44	62	Ru	0	45	61	Rh	30.5	0.00415879	0.00012917	0.0450633	0.000742461	19/07/2024
44	62	Ru	0	45	61	Rh	30.6	0.0040672	0.000128489	0.0453435	0.00074705	19/07/2024
44	62	Ru	0	45	61	Rh	30.7	0.0039766	0.000127791	0.0456245	0.000751649	19/07/2024
44	62	Ru	0	45	61	Rh	30.8	0.00388699	0.000127076	0.0459062	0.00075626	19/07/2024
44	62	Ru	0	45	61	Rh	30.9	0.00379837	0.000126342	0.0461887	0.000760883	19/07/2024
44	62	Ru	0	45	61	Rh	31	0.00371075	0.000125591	0.0464719	0.000765516	19/07/2024
44	62	Ru	0	45	61	Rh	31.1	0.00362412	0.000124823	0.0467558	0.000770161	19/07/2024
44	62	Ru	0	45	61	Rh	31.2	0.00353848	0.000124045	0.0470405	0.000774816	19/07/2024
44	62	Ru	0	45	61	Rh	31.3	0.00345384	0.000123282	0.047326	0.000779482	19/07/2024
44	62	Ru	0	45	61	Rh	31.4	0.0033702	0.000122503	0.0476122	0.000784159	19/07/2024
44	62	Ru	0	45	61	Rh	31.5	0.00328755	0.000121705	0.0478991	0.000788846	19/07/2024
44	62	Ru	0	45	61	Rh	31.6	0.00320591	0.000120891	0.0481868	0.000793543	19/07/2024
44	62	Ru	0	45	61	Rh	31.7	0.00312526	0.000120059	0.0484752	0.00079825	19/07/2024
44	62	Ru	0	45	61	Rh	31.8	0.00304561	0.000119209	0.0487644	0.000802967	19/07/2024
44	62	Ru	0	45	61	Rh	31.9	0.00296697	0.000118343	0.0490543	0.000807694	19/07/2024
44	62	Ru	0	45	61	Rh	32	0.00288933	0.000117458	0.0493449	0.000812431	19/07/2024
44	62	Ru	0	45	61	Rh	32.1	0.00281269	0.000116556	0.0496363	0.000817176	19/07/2024
44	62	Ru	0	45	61	Rh	32.2	0.00273706	0.000115637	0.0499283	0.00082193	19/07/2024
44	62	Ru	0	45	61	Rh	32.3	0.00266244	0.0001147	0.0502211	0.000826693	19/07/2024
44	62	Ru	0	45	61	Rh	32.4	0.00258882	0.000113746	0.0505147	0.000831463	19/07/2024
44	62	Ru	0	45	61	Rh	32.5	0.00251621	0.000112774	0.0508089	0.000836242	19/07/2024
44	62	Ru	0	45	61	Rh	32.6	0.00244461	0.000111784	0.0511039	0.000841028	19/07/2024
44	62	Ru	0	45	61	Rh	32.7	0.00237402	0.000110777	0.0513996	0.00084582	19/07/2024
44	62	Ru	0	45	61	Rh	32.8	0.00230444	0.000109753	0.0516959	0.000850619	19/07/2024
44	62	Ru	0	45	61	Rh	32.9	0.00223587	0.00010871	0.051993	0.000855424	19/07/2024
44	62	Ru	0	45	61	Rh	33	0.00216832	0.00010765	0.0522908	0.000860233	19/07/2024
44	62	Ru	0	45	61	Rh	33.1	0.00210178	0.000106573	0.0525893	0.000865047	19/07/2024
44	62	Ru	0	45	61	Rh	33.2	0.00203625	0.000105477	0.0528885	0.000869865	19/07/2024
44	62	Ru	0	45	61	Rh	33.3	0.00197175	0.000104364	0.0531884	0.000874685	19/07/2024
44	62	Ru	0	45	61	Rh	33.4	0.00190826	0.000103234	0.053489	0.000879507	19/07/2024
44	62	Ru	0	45	61	Rh	33.5	0.00184578	0.000102085	0.0537902	0.00088433	19/07/2024
44	62	Ru	0	45	61	Rh	33.6	0.00178433	0.000100919	0.0540921	0.000889153	19/07/2024
44	62	Ru	0	45	61	Rh	33.7	0.0017239	9.97353E-05	0.0543947	0.000893974	19/07/2024
44	62	Ru	0	45	61	Rh	33.8	0.00166449	9.85336E-05	0.054698	0.000898791	19/07/2024
44	62	Ru	0	45	61	Rh	33.9	0.0016061	9.73141E-05	0.0550019	0.000903605	19/07/2024
44	62	Ru	0	45	61	Rh	34	0.00154874	9.60768E-05	0.0553064	0.000908411	19/07/2024
44	62	Ru	0	45	61	Rh	34.1	0.0014924	9.48217E-05	0.0556116	0.00091321	19/07/2024
44	62	Ru	0	45	61	Rh	34.2	0.00143708	9.35488E-05	0.0559174	0.000917999	19/07/2024
44	62	Ru	0	45	61	Rh	34.3	0.0013828	0.000092258	0.0562238	0.000922775	19/07/2024
44	62	Ru	0	45	61	Rh	34.4	0.00132954	9.09493E-05	0.0565308	0.000927536	19/07/2024
44	62	Ru	0	45	61	Rh	34.5	0.00127731	8.96227E-05	0.0568384	0.000932279	19/07/2024
44	62	Ru	0	45	61	Rh	34.6	0.00122611	8.82782E-05	0.0571466	0.000937001	19/07/2024
44	62	Ru	0	45	61	Rh	34.7	0.00117594	8.69158E-05	0.0574554	0.000941699	19/07/2024
44	62	Ru	0	45	61	Rh	34.8	0.0011268	8.55354E-05	0.0577647	0.000946368	19/07/2024
44	62	Ru	0	45	61	Rh	34.9	0.00107869	8.41371E-05	0.0580745	0.000951005	19/07/2024
44	62	Ru	0	45	61	Rh	35	0.00103162	8.27207E-05	0.0583848	0.000955606	19/07/2024
44	62	Ru	0	45	61	Rh	35.1	0.000985585	8.12864E-05	0.0586957	0.000960164	19/07/2024
44	62	Ru	0	45	61	Rh	35.2	0.000940584	7.98341E-05	0.0590069	0.000964675	19/07/2024
44	62	Ru	0	45	61	Rh	35.3	0.000896621	7.83637E-05	0.0593186	0.000969133	19/07/2024
44	62	Ru	0	45	61	Rh	35.4	0.000853696	7.68753E-05	0.0596307	0.00097353	19/07/2024
44	62	Ru	0	45	61	Rh	35.5	0.00081181	7.53688E-05	0.0599432	0.000977859	19/07/2024
44	62	Ru	0	45	61	Rh	35.6	0.000770964	7.38442E-05	0.0602561	0.000982112	19/07/2024
44	62	Ru	0	45	61	Rh	35.7	0.00073116	7.23016E-05	0.0605692	0.000986281	19/07/2024
44	62	Ru	0	45	61	Rh	35.8	0.000692398	7.07408E-05	0.0608825	0.000990356	19/07/2024
44	62	Ru	0	45	61	Rh	35.9	0.000654679	6.91618E-05	0.0611961	0.000994326	19/07/2024
44	62	Ru	0	45	61	Rh	36	0.000618005	6.75647E-05	0.0615098	0.000998181	19/07/2024
44	62	Ru	0	45	61	Rh	36.1	0.000582376	6.59495E-05	0.0618237	0.00100191	19/07/2024
44	62	Ru	0	45	61	Rh	36.2	0.000547794	6.43161E-05	0.0621375	0.0010055	19/07/2024
44	62	Ru	0	45	61	Rh	36.3	0.000514259	6.26644E-05	0.0624514	0.00100893	19/07/2024
44	62	Ru	0	45	61	Rh	36.4	0.000481773	6.09945E-05	0.0627651	0.0010122	19/07/2024
44	62	Ru	0	45	61	Rh	36.5	0.000450336	5.93064E-05	0.0630786	0.0010153	19/07/2024
44	62	Ru	0	45	61	Rh	36.6	0.00041995	5.76001E-05	0.0633919	0.0010182	19/07/2024
44	62	Ru	0	45	61	Rh	36.7	0.000390616	5.58754E-05	0.0637048	0.00102091	19/07/2024
44	62	Ru	0	45	61	Rh	36.8	0.000362335	5.41325E-05	0.0640173	0.00102341	19/07/2024
44	62	Ru	0	45	61	Rh	36.9	0.000335107	5.23713E-05	0.0643292	0.00102571	19/07/2024
44	62	Ru	0	45	61	Rh	37	0.000308935	5.05917E-05	0.0646404	0.00102781	19/07/2024
44	62	Ru	0	45	61	Rh	37.1	0.000283818	4.87938E-05	0.0649509	0.00102974	19/07/2024
44	62	Ru	0	45	61	Rh	37.2	0.000259759	4.69776E-05	0.0652606	0.00103154	19/07/2024
44	62	Ru	0	45	61	Rh	37.3	0.000236757	4.51429E-05	0.0655694	0.00103328	19/07/2024
44	62	Ru	0	45	61	Rh	37.4	0.000214815	4.32899E-05	0.0658771	0.00103507	19/07/2024
44	62	Ru	0	45	61	Rh	37.5	0.000193933	4.14185E-05	0.0661839	0.0010371	19/07/2024
44	62	Ru	0	45	61	Rh	37.6	0.000174112	3.95286E-05	0.0664898	0.00103964	19/07/2024
44	62	Ru	0	45	61	Rh	37.7	0.000155353	3.76203E-05	0.0667948	0.0010431	19/07/2024
44	62	Ru	0	45	61	Rh	37.8	0.000137657	3.56936E-05	0.0670995	0.00104811	19/07/2024
44	62	Ru	0	45	61	Rh	37.9	0.000121026	3.37484E-05	0.0674041	0.00105562	19/07/2024
44	62	Ru	0	45	61	Rh	38	0.000105461	3.17847E-05	0.0677098	0.00106704	19/07/2024
44	62	Ru	0	45	61	Rh	38.1	9.09618E-05	2.98025E-05	0.0680178	0.00108459	19/07/2024
44	62	Ru	0	45	61	Rh	38.2	7.75302E-05	2.78018E-05	0.0683303	0.00111166	19/07/2024
44	62	Ru	0	45	61	Rh	38.3	6.51673E-05	2.57825E-05	0.0686509	0.00115362	19/07/2024
44	62	Ru	0	45	61	Rh	38.4	0.000053874	2.37447E-05	0.0689847	0.00121911	19/07/2024
44	62	Ru	0	45	61	Rh	38.5	4.36514E-05	2.16883E-05	0.0693402	0.0013224	19/07/2024
44	62	Ru	0	45	61	Rh	38.6	3.45005E-05	1.96134E-05	0.0697307	0.00148778	19/07/2024
44	62	Ru	0	45	61	Rh	38.7	2.64224E-05	1.75199E-05	0.0701774	0.00175809	19/07/2024
44	62	Ru	0	45	61	Rh	38.8	1.94181E-05	1.54078E-05	0.0707159	0.00221177	19/07/2024
44	62	Ru	0	45	61	Rh	38.9	1.34887E-05	1.32771E-05	0.0714064	0.00299527	19/07/2024
44	62	Ru	0	45	61	Rh	39	8.63519E-06	1.11278E-05	0.0723557	0.00434721	19/07/2024
44	62	Ru	0	45	61	Rh	39.1	4.85858E-06	8.95985E-06	0.0737575	0.00577606	19/07/2024
44	62	Ru	0	45	61	Rh	39.2	2.15988E-06	6.77334E-06	0.0759428	0.00659079	19/07/2024
44	62	Ru	0	45	61	Rh	39.3	5.40061E-07	4.56827E-06	0.07886	0.00536778	19/07/2024
44	62	Ru	0	45	61	Rh	39.4	0	0	0.0825089	0.00693228	19/07/2024